# time head_pan l_gripper_l_finger_joint l_gripper_r_finger_joint left_e0 left_e1 left_s0 left_s1 left_w0 left_w1 left_w2 r_gripper_l_finger_joint r_gripper_r_finger_joint right_e0 right_e1 right_s0 right_s1 right_w0 right_w1 right_w2
415.502 -0.0635563635343 0.0208330011443 1.91963147385e-09 -2.21850997136 0.458438521943 -0.602669997849 -0.0188200852305 -2.77929369293 -0.81053221158 3.02499461121 -1.21560404815e-07 -0.0208331466436 1.54316155848 0.941194760705 -1.03896682341 -0.0391564544986 0.296583510618 2.08012285248 -1.40846781937
421.922 0.0558416274742 0.0208330542304 5.4729789134e-08 -1.81444247466 1.24506262699 -0.276473709199 -0.707684147604 -2.72042093222 -0.772618354316 2.39227713435 -3.72205373133e-07 -0.0208330011643 1.54316155698 0.941194760295 -1.03896682327 -0.0391564550646 0.296583513964 2.08012286435 -1.40846781786
422.022 -0.0376116247538 0.0208387034114 6.87093481865e-06 -1.81444257345 1.24506245283 -0.276473797729 -0.707684141875 -2.7204216 -0.772617898177 2.39227716608 -2.17026903094e-09 -0.0208330031139 1.54316155712 0.941194760769 -1.03896682334 -0.0391564550902 0.296583506831 2.08012282309 -1.40846782307
422.202 -0.175162375935 0.0208334899322 5.90801589533e-07 -1.81444248051 1.24506229324 -0.276473827625 -0.707684179856 -2.72042052732 -0.772618998489 2.39227627771 -3.71416235079e-09 -0.0208330049732 1.54316155743 0.941194761434 -1.03896682364 -0.0391564550938 0.296583506183 2.08012282125 -1.40846782386
422.322 -0.266136829655 0.0208401278592 8.58585966476e-06 -1.81444261063 1.24506233625 -0.27647384039 -0.707684103503 -2.72042197176 -0.772617717099 2.39227737533 -3.9448314317e-08 -0.0208330479242 1.54316155899 0.941194762273 -1.03896682402 -0.039156454344 0.296583505496 2.08012282904 -1.4084678227
422.522 -0.3975806968 0.0208330070692 9.13468658325e-09 -1.81444257171 1.24506259317 -0.276473738456 -0.707684120126 -2.72042041649 -0.772618476287 2.39227646859 -2.37996056221e-07 -0.0208332866003 1.54316155761 0.941194760208 -1.03896682322 -0.0391564549009 0.296583516429 2.08012288007 -1.40846781696
422.622 -0.455263571074 0.0208339861087 9.86762541971e-07 -1.81444254685 1.24506226356 -0.276473847062 -0.707684156601 -2.72042031029 -0.772619059306 2.39227599107 -1.1774904124e-09 -0.0208330019231 1.54316155705 0.94119476019 -1.0389668232 -0.0391564551185 0.296583507536 2.08012282537 -1.40846782198
422.822 -0.546223970379 0.0208330009963 1.56733767266e-09 -1.81444245701 1.24506234722 -0.27647381946 -0.707684138149 -2.72042084739 -0.772618712381 2.39227674032 -9.90484433934e-09 -0.0208330124195 1.54316155817 0.94119476238 -1.03896682398 -0.0391564548307 0.296583505013 2.08012282045 -1.40846782461
422.922 -0.571079427134 0.0208342323583 1.23303336539e-06 -1.81444263988 1.24506238149 -0.276473807927 -0.707684130188 -2.72042014361 -0.772618688497 2.39227582521 -2.50291752529e-08 -0.0208330306007 1.54316155888 0.941194762509 -1.03896682404 -0.0391564544823 0.296583504891 2.08012282449 -1.40846782371
423.022 -0.599652473393 0.0208330336847 4.11001436111e-08 -1.81444251882 1.24506264706 -0.276473707877 -0.707684130186 -2.72042077774 -0.77261833349 2.39227696427 -6.19567487449e-08 -0.0208330749886 1.54316155899 0.94119476168 -1.0389668238 -0.0391564543202 0.296583506966 2.08012283604 -1.40846782147
423.142 -0.632292935887 0.020833054239 5.4748458375e-08 -1.81444241635 1.24506263619 -0.276473724836 -0.707684133018 -2.72042097667 -0.772618237129 2.39227705564 -1.17202430277e-09 -0.0208330019221 1.54316155709 0.941194760117 -1.03896682312 -0.0391564551208 0.296583507597 2.08012282544 -1.40846782199
423.302 -0.67289658912 0.0208334039267 4.04526391758e-07 -1.81444243744 1.24506230078 -0.276473821084 -0.707684189217 -2.7204206806 -0.772618978606 2.39227647792 -2.37993506529e-07 -0.0208332866001 1.5431615576 0.941194760233 -1.03896682321 -0.039156454899 0.296583516411 2.08012288002 -1.40846781695
423.422 -0.697097653011 0.0208375616764 5.49558513659e-06 -1.81444263567 1.24506233988 -0.276473836402 -0.707684095091 -2.72042121418 -0.772618138397 2.39227673747 -6.12638826637e-09 -0.0208330078784 1.54316155775 0.94119476203 -1.03896682385 -0.0391564549771 0.296583505505 2.08012282035 -1.40846782441
423.522 -0.713705720301 0.0208331605366 1.93874055423e-07 -1.81444240751 1.24506250948 -0.276473731542 -0.707684206828 -2.72042112755 -0.772618473647 2.39227717829 -1.58061911446e-08 -0.0208330195144 1.54316155855 0.941194762598 -1.03896682406 -0.0391564546455 0.296583504725 2.08012282168 -1.40846782437
423.702 -0.737138590728 0.0208330138003 1.72185523524e-08 -1.81444257853 1.24506264548 -0.276473720378 -0.707684108877 -2.72042045469 -0.77261839176 2.39227657983 -2.50278858492e-08 -0.0208330306004 1.54316155888 0.941194762521 -1.03896682407 -0.0391564544743 0.296583504884 2.08012282448 -1.40846782373
423.822 -0.749107688183 0.0208330222242 2.27844922664e-08 -1.8144424917 1.24506272489 -0.27647371253 -0.707684091391 -2.72042067049 -0.772618075614 2.39227675758 -2.37990955413e-07 -0.0208332865998 1.5431615576 0.941194760225 -1.0389668232 -0.0391564548967 0.296583516409 2.08012288004 -1.40846781695
423.922 -0.757321524507 0.0208330006265 1.31887212155e-09 -1.81444246485 1.24506232076 -0.276473825536 -0.707684137245 -2.72042085819 -0.772618748751 2.39227674126 -1.16970952867e-09 -0.0208330019217 1.54316155709 0.941194760119 -1.03896682317 -0.0391564551227 0.296583507591 2.08012282544 -1.40846782201
424.122 -0.769986107429 0.0208330215605 2.65331175824e-08 -1.81444255542 1.24506266094 -0.276473711052 -0.707684114248 -2.72042059688 -0.772618333988 2.39227675434 -9.90204070968e-09 -0.020833012419 1.54316155815 0.941194762434 -1.03896682402 -0.0391564548227 0.296583504979 2.0801228204 -1.40846782461
424.222 -0.774830242565 0.0208359201644 3.51816081424e-06 -1.8144425883 1.24506236134 -0.276473823516 -0.70768413739 -2.72042079849 -0.772618523878 2.39227642762 -2.50270004805e-08 -0.0208330306002 1.54316155888 0.941194762512 -1.03896682407 -0.0391564544748 0.296583504881 2.0801228245 -1.40846782373
424.502 -0.784624198169 0.0208330091084 9.71059136977e-09 -1.81444252223 1.24506269594 -0.276473728147 -0.707684085731 -2.7204205031 -0.772618125413 2.39227654368 -9.71337707992e-08 -0.0208331172778 1.54316155871 0.94119476102 -1.03896682356 -0.0391564544106 0.296583509188 2.08012284604 -1.40846782009
424.622 -0.720421961607 0.020833132362 1.32835932029e-07 -1.81444240075 1.24506253693 -0.276473723447 -0.707684200398 -2.72042116998 -0.772618453781 2.39227729563 -2.14204636926e-09 -0.0208330031088 1.54316155736 0.941194760544 -1.0389668233 -0.0391564551724 0.29658350714 2.08012282335 -1.4084678231
424.802 -0.562101681571 0.0208330088343 1.12556121928e-08 -1.81444257785 1.24506262295 -0.276473729472 -0.707684113764 -2.7204204185 -0.772618427653 2.39227648277 -3.68782434054e-09 -0.0208330049685 1.54316155741 0.941194761517 -1.03896682365 -0.0391564550779 0.296583506227 2.08012282103 -1.40846782386
424.922 -0.458579136973 0.0208330138075 1.7207285355e-08 -1.81444250968 1.24506271571 -0.276473717813 -0.707684086683 -2.72042060568 -0.772618085422 2.39227665111 -3.94207591584e-08 -0.0208330479193 1.54316155907 0.941194762187 -1.03896682398 -0.0391564543648 0.296583505607 2.08012282912 -1.40846782271
425.022 -0.370101543568 0.0208330005197 1.08754636886e-09 -1.81444247215 1.24506228624 -0.276473833172 -0.707684137305 -2.72042087089 -0.772618801875 2.39227672843 -9.71152052179e-08 -0.0208331172745 1.54316155877 0.941194760942 -1.03896682356 -0.0391564544192 0.296583509273 2.08012284613 -1.40846782012
425.202 -0.219187621948 0.0208344947719 1.80131273158e-06 -1.81444266775 1.2450623785 -0.276473815195 -0.707684107247 -2.72042018761 -0.772618622043 2.3922758066 -1.52084351384e-07 -0.0208331833523 1.54316155819 0.941194760538 -1.03896682333 -0.0391564546158 0.296583512309 2.08012285985 -1.40846781866
425.322 -0.120886740754 0.0208354074905 2.40805856802e-06 -1.81444259599 1.24506231888 -0.276473838649 -0.707684132881 -2.72042051371 -0.772618759574 2.39227613609 -3.68899046972e-09 -0.0208330049687 1.54316155744 0.941194761442 -1.03896682361 -0.0391564550919 0.296583506193 2.08012282133 -1.40846782383
425.522 0.0491747699642 0.0208330024006 2.99241086211e-09 -1.81444247867 1.24506248702 -0.276473784497 -0.707684122467 -2.72042068486 -0.772618475573 2.3922766347 -2.50077482842e-08 -0.0208330305968 1.5431615589 0.941194762522 -1.03896682409 -0.0391564544848 0.29658350489 2.08012282449 -1.4084678237
425.622 0.13711687633 0.020836008693 3.00925597373e-06 -1.81444268232 1.245062358 -0.276473829867 -0.707684089278 -2.72042047801 -0.772618451158 2.39227605868 -6.19308972886e-08 -0.0208330749839 1.54316155907 0.941194761557 -1.03896682372 -0.0391564543349 0.296583507079 2.08012283616 -1.40846782151
425.722 0.219761156428 0.0208330822131 9.95051580332e-08 -1.81444243077 1.24506258183 -0.276473712383 -0.707684180719 -2.72042112308 -0.772618376646 2.39227727093 -1.52084377847e-07 -0.020833183352 1.54316155822 0.941194760467 -1.03896682333 -0.0391564546229 0.296583512293 2.08012286011 -1.40846781862
425.922 0.343978385884 0.020833313569 3.7831200292e-07 -1.81444242912 1.24506232944 -0.276473810465 -0.707684190817 -2.72042074333 -0.772618907039 2.39227655533 -2.14366063879e-09 -0.0208330031091 1.54316155719 0.941194760792 -1.03896682339 -0.0391564551276 0.29658350689 2.08012282309 -1.408467823
426.022 0.402039282729 0.0208330113841 1.19769055456e-08 -1.81444252134 1.24506271927 -0.276473719447 -0.707684083539 -2.72042053165 -0.77261806613 2.39227658233 -6.10608182693e-09 -0.0208330078748 1.54316155778 0.941194761971 -1.03896682382 -0.0391564549809 0.296583505554 2.08012282041 -1.40846782444
426.242 0.511825763666 0.0208330045292 6.0718219984e-09 -1.81444254547 1.24506254583 -0.276473751158 -0.707684135766 -2.72042049729 -0.77261854328 2.39227649322 -1.52088951743e-07 -0.020833183353 1.5431615582 0.941194760479 -1.03896682335 -0.039156454614 0.296583512278 2.08012286015 -1.40846781864
426.322 0.531734434804 0.0208330142202 1.48248396744e-08 -1.81444257759 1.24506265358 -0.2764737203 -0.707684106382 -2.72042042533 -0.772618388289 2.39227653712 -9.71222611728e-08 -0.0208331172758 1.54316155869 0.941194761052 -1.03896682358 -0.0391564544016 0.296583509157 2.080122846 -1.40846782007
426.422 0.559578869623 0.0208344951271 1.80166622462e-06 -1.81444258244 1.24506229817 -0.276473841893 -0.707684141063 -2.72042036257 -0.772618901908 2.39227602472 -2.3797673216e-07 -0.0208332865968 1.54316155761 0.941194760206 -1.03896682323 -0.0391564548938 0.296583516429 2.08012288008 -1.40846781697
426.542 0.592358057002 0.020833000645 1.21208521672e-09 -1.81444246071 1.24506230395 -0.276473829942 -0.707684138362 -2.72042087898 -0.772618785377 2.39227674213 -6.11178129253e-09 -0.0208330078758 1.54316155775 0.941194762007 -1.03896682385 -0.0391564549765 0.296583505505 2.08012282033 -1.40846782442
426.622 0.616169201495 0.0208330014989 2.38352466105e-09 -1.81444247159 1.24506243251 -0.276473797712 -0.707684129004 -2.72042075555 -0.772618558483 2.39227668654 -3.6932011245e-09 -0.0208330049695 1.54316155744 0.941194761425 -1.03896682363 -0.0391564550853 0.296583506198 2.08012282136 -1.40846782386
426.722 0.642964562291 0.0208348684732 2.25146245581e-06 -1.81444268143 1.24506236207 -0.276473821784 -0.707684099669 -2.72042026339 -0.772618585111 2.39227586383 -9.88901351106e-09 -0.0208330124166 1.54316155815 0.94119476243 -1.03896682401 -0.0391564548247 0.29658350498 2.0801228204 -1.4084678246
426.842 0.671965489417 0.0208360091791 3.00981469939e-06 -1.81444260008 1.24506233799 -0.276473832843 -0.707684131877 -2.72042068286 -0.772618614062 2.39227629706 -9.71214387135e-08 -0.0208331172756 1.54316155871 0.941194761025 -1.03896682357 -0.0391564544108 0.296583509185 2.08012284606 -1.40846782008
427.122 0.721785750866 0.0208330070746 9.12037440779e-09 -1.81444251816 1.24506267242 -0.276473734994 -0.707684087748 -2.72042053024 -0.772618151694 2.39227654629 -3.7218237615e-07 -0.0208330011602 1.54316155715 0.941194760029 -1.03896682315 -0.0391564551042 0.29658351423 2.08012286462 -1.40846781796
427.222 0.734409249047 0.0208419094649 1.32007363545e-09 -1.81444254474 1.24506231672 -0.276473836805 -0.707684116767 -2.7204215317 -0.772618182608 2.39227712878 -2.14849043495e-09 -0.02083300311 1.5431615572 0.941194760778 -1.0389668234 -0.0391564551294 0.296583506901 2.0801228231 -1.408467823
427.322 0.744995360406 0.0208333230839 3.23631714026e-07 -1.81444243528 1.24506244972 -0.276473753915 -0.707684212217 -2.72042089795 -0.772618602272 2.39227684691 -6.11379265958e-09 -0.0208330078762 1.54316155775 0.94119476202 -1.03896682385 -0.0391564549761 0.296583505505 2.08012282036 -1.40846782441
427.422 0.753872911788 0.0208330088343 1.12562202341e-08 -1.81444257799 1.24506261581 -0.27647373141 -0.707684114437 -2.72042040957 -0.772618450529 2.3922764837 -1.57938750121e-08 -0.0208330195122 1.54316155855 0.941194762603 -1.03896682409 -0.0391564546427 0.296583504723 2.08012282169 -1.40846782437
427.542 0.762655719536 0.0208330142266 1.48119742793e-08 -1.81444251495 1.24506272566 -0.276473717106 -0.707684083667 -2.7204205548 -0.772618074729 2.39227662276 -1.52093929274e-07 -0.0208331833539 1.5431615582 0.941194760476 -1.03896682335 -0.0391564546117 0.296583512282 2.0801228601 -1.40846781864
427.642 0.768682953006 0.0208330004077 1.05631024055e-09 -1.81444247451 1.24506229532 -0.276473831256 -0.707684135111 -2.72042086026 -0.772618790011 2.39227671641 -3.72183757605e-07 -0.0208330011605 1.54316155716 0.941194760025 -1.03896682315 -0.0391564551045 0.296583514227 2.08012286463 -1.40846781796
427.742 0.773737412853 0.020833489825 5.90674283119e-07 -1.81444252091 1.24506242521 -0.276473771343 -0.707684185081 -2.72042056134 -0.772618638321 2.39227636387 -2.14955450069e-09 -0.0208330031102 1.5431615572 0.941194760782 -1.0389668234 -0.03915645513 0.296583506904 2.08012282309 -1.408467823
427.822 0.777186975655 0.0208341958113 1.4411920935e-06 -1.81444264993 1.24506237359 -0.276473811564 -0.707684122142 -2.72042016404 -0.772618683094 2.392275829 -1.15928893528e-09 -0.0208330019198 1.54316155709 0.941194760122 -1.03896682317 -0.0391564551209 0.296583507593 2.08012282544 -1.408467822
427.922 0.780868917089 0.020833042103 5.12218600613e-08 -1.81444249544 1.24506262764 -0.276473710852 -0.707684140329 -2.72042087439 -0.772618341924 2.39227707112 -3.69694098956e-09 -0.0208330049701 1.54316155743 0.941194761444 -1.03896682364 -0.0391564550813 0.29658350618 2.08012282133 -1.40846782385
428.022 0.783956606528 0.0208388776791 5.87797884732e-06 -1.81444257453 1.24506244325 -0.276473801567 -0.707684138911 -2.7204214936 -0.772617980863 2.3922770414 -9.89232677444e-09 -0.0208330124173 1.54316155815 0.941194762425 -1.03896682401 -0.0391564548221 0.296583504976 2.08012282041 -1.4084678246
428.102 0.78606388979 0.0208330036268 4.97944590538e-09 -1.81444252732 1.24506251949 -0.276473758016 -0.707684143991 -2.72042056016 -0.772618589905 2.392276526 -6.11478734251e-09 -0.0208330078763 1.54316155775 0.941194762018 -1.03896682385 -0.0391564549761 0.296583505505 2.08012282036 -1.40846782441
428.222 0.721744582229 0.0208330058338 6.4419305898e-09 -1.81444251487 1.24506264036 -0.276473744363 -0.707684095376 -2.72042051936 -0.772618218673 2.39227652924 -6.19596407802e-08 -0.0208330749892 1.5431615589 0.941194761761 -1.0389668238 -0.0391564542827 0.296583506871 2.08012283588 -1.40846782139
428.322 0.635287669778 0.0208403454956 7.34540093582e-06 -1.81444261616 1.24506235118 -0.276473836973 -0.707684100521 -2.72042181115 -0.772617771085 2.39227725029 -1.52108873703e-07 -0.0208331833564 1.54316155817 0.941194760466 -1.03896682333 -0.0391564545838 0.29658351225 2.08012286016 -1.40846781868
428.522 0.514430815942 0.0208330056577 7.43476120431e-09 -1.81444255953 1.24506257847 -0.27647374245 -0.707684126687 -2.7204204593 -0.772618497287 2.39227646835 -2.1596595283e-09 -0.020833003112 1.5431615572 0.941194760775 -1.03896682339 -0.0391564551316 0.296583506901 2.08012282312 -1.408467823
428.642 0.472353238002 0.0208330088404 1.12423888705e-08 -1.81444252047 1.24506269513 -0.27647372665 -0.707684086288 -2.72042054119 -0.772618119096 2.39227656669 -2.50238178639e-08 -0.0208330305997 1.54316155888 0.941194762526 -1.03896682404 -0.0391564544807 0.296583504882 2.08012282447 -1.40846782372
428.702 0.456525504166 0.0208354074904 2.40805894987e-06 -1.814442596 1.24506231887 -0.276473838686 -0.70768413287 -2.72042051372 -0.772618759585 2.39227613609 -3.70323703241e-09 -0.0208330049713 1.54316155743 0.941194761446 -1.03896682365 -0.039156455081 0.296583506183 2.08012282132 -1.40846782386
428.822 0.423153287227 0.0208330007779 1.50321705297e-09 -1.81444246373 1.24506233819 -0.276473821426 -0.707684135911 -2.72042084673 -0.772618717091 2.39227673836 -3.94346829118e-08 -0.0208330479218 1.54316155904 0.941194762189 -1.03896682397 -0.0391564543512 0.296583505578 2.08012282911 -1.40846782272
428.922 0.396260169642 0.020833956657 1.15309216223e-06 -1.81444262192 1.24506239522 -0.276473800159 -0.707684135828 -2.72042021484 -0.772618666432 2.39227589337 -9.71309288819e-08 -0.0208331172772 1.54316155871 0.94119476101 -1.03896682353 -0.0391564544082 0.296583509186 2.08012284605 -1.40846782009
429.102 0.354051706325 0.020833082213 9.95057220425e-08 -1.81444243078 1.24506258183 -0.276473712406 -0.707684180712 -2.72042112309 -0.772618376657 2.39227727092 -1.52101611293e-07 -0.0208331833553 1.5431615582 0.941194760439 -1.03896682335 -0.03915645461 0.296583512272 2.08012286014 -1.40846781864
429.222 0.31923367763 0.020833132378 1.32889444006e-07 -1.81444236854 1.24506247953 -0.276473761151 -0.707684181371 -2.72042108478 -0.772618554625 2.39227707474 -3.70496800853e-09 -0.0208330049716 1.54316155741 0.94119476145 -1.03896682361 -0.0391564550767 0.29658350616 2.08012282131 -1.40846782385
429.322 0.291720932618 0.0208330036297 4.97104226535e-09 -1.81444250387 1.24506258263 -0.276473758967 -0.707684105476 -2.72042058915 -0.772618306124 2.3922765665 -9.89942729103e-09 -0.0208330124185 1.54316155814 0.941194762411 -1.03896682396 -0.0391564548207 0.296583504971 2.08012282041 -1.40846782461
429.542 0.241827219135 0.0208403466717 7.34683104616e-06 -1.81444257831 1.24506246417 -0.276473795937 -0.707684141107 -2.72042183877 -0.772617716948 2.39227734134 -2.37987713061e-07 -0.020833286599 1.5431615576 0.941194760217 -1.03896682321 -0.0391564548919 0.296583516408 2.08012288004 -1.40846781696
429.702 0.211976615293 0.0208330142201 1.48250974895e-08 -1.8144425776 1.24506265358 -0.276473720309 -0.707684106378 -2.72042042532 -0.772618388328 2.39227653712 -9.71304443755e-08 -0.0208331172772 1.54316155871 0.941194761028 -1.03896682358 -0.0391564544105 0.296583509187 2.08012284604 -1.40846782008
429.822 0.194503652704 0.020833017257 2.13509426711e-08 -1.81444249557 1.24506271532 -0.27647371703 -0.707684088941 -2.72042065599 -0.772618080879 2.39227671298 -2.15516393348e-09 -0.0208330031112 1.5431615572 0.941194760782 -1.0389668234 -0.0391564551299 0.296583506906 2.08012282308 -1.408467823
429.922 0.182512769168 0.020833000645 1.21235353769e-09 -1.81444246072 1.24506230398 -0.276473829909 -0.707684138372 -2.72042087899 -0.77261878539 2.39227674213 -6.12007870861e-09 -0.0208330078773 1.54316155775 0.941194762007 -1.03896682382 -0.0391564549777 0.296583505504 2.08012282037 -1.40846782442
430.002 0.174329242711 0.0208330014989 2.38381685907e-09 -1.8144424716 1.24506243254 -0.276473797669 -0.707684129018 -2.72042075555 -0.772618558471 2.39227668653 -3.70218469082e-09 -0.0208330049711 1.54316155742 0.941194761421 -1.0389668236 -0.039156455084 0.296583506182 2.08012282134 -1.40846782385
430.122 0.164024509344 0.0208330215606 2.6533753058e-08 -1.81444255758 1.24506265621 -0.276473712287 -0.707684114027 -2.72042058669 -0.772618350904 2.39227675196 -3.94321919982e-08 -0.0208330479214 1.54316155905 0.941194762186 -1.03896682399 -0.0391564543536 0.296583505592 2.08012282913 -1.40846782273
430.222 0.156952848982 0.0208360091791 3.00981494849e-06 -1.81444260008 1.24506233799 -0.276473832843 -0.707684131877 -2.72042068286 -0.772618614072 2.39227629706 -9.71289846815e-08 -0.020833117277 1.54316155871 0.941194761022 -1.03896682357 -0.0391564544095 0.296583509188 2.08012284603 -1.40846782008
430.342 0.149956659287 0.0208330009672 1.73380671293e-09 -1.81444246366 1.24506236794 -0.276473813925 -0.707684135486 -2.72042082268 -0.77261866843 2.39227673048 -2.15420806525e-09 -0.020833003111 1.5431615572 0.941194760773 -1.03896682338 -0.0391564551309 0.296583506899 2.0801228231 -1.408467823
430.422 0.146049341079 0.0208330029961 3.59237810017e-09 -1.81444249153 1.24506253233 -0.276473771781 -0.707684115566 -2.7204206397 -0.772618377875 2.39227660875 -1.16387296408e-09 -0.0208330019206 1.54316155709 0.941194760113 -1.03896682314 -0.0391564551224 0.296583507593 2.08012282544 -1.40846782201
