# time head_pan l_gripper_l_finger_joint l_gripper_r_finger_joint left_e0 left_e1 left_s0 left_s1 left_w0 left_w1 left_w2 r_gripper_l_finger_joint r_gripper_r_finger_joint right_e0 right_e1 right_s0 right_s1 right_w0 right_w1 right_w2
596.522 0.0546402788003 0.0208335253717 5.25557942016e-07 -2.47272606977 1.76601191521 -0.0435640597224 0.562765582435 -2.5301038478 -0.951842780213 2.9645343894 -1.52085291911e-07 -0.0208331833439 1.5431615582 0.941194760468 -1.03896682333 -0.0391564546093 0.296583512279 2.08012286011 -1.40846781865
596.602 0.00857089267017 0.0208330881595 8.83393691613e-08 -2.47272592091 1.76601185005 -0.0435640220449 0.562765567848 -2.53010427844 -0.951842772683 2.96453521251 -9.71325825331e-08 -0.020833117269 1.54316155874 0.941194760665 -1.03896682343 -0.0391564543723 0.296583509102 2.08012284671 -1.40846782002
596.722 -0.0968999888927 0.0208330060961 6.27961188107e-09 -2.47272603891 1.7660120128 -0.0435640547775 0.562765645579 -2.5301038726 -0.951842569142 2.96453453713 -2.15527151254e-09 -0.020833003103 1.54316155715 0.941194760773 -1.03896682342 -0.0391564550882 0.296583506858 2.08012282311 -1.40846782308
596.822 -0.185810925109 0.0208330361261 3.6301738813e-08 -2.47272593474 1.76601189439 -0.0435640248588 0.562765596466 -2.53010422498 -0.951842703928 2.96453516725 -6.12279718413e-09 -0.0208330078695 1.54316155768 0.94119476209 -1.03896682382 -0.0391564549606 0.296583505403 2.08012282028 -1.40846782437
597.002 -0.323532133758 0.0208330361261 3.63016325273e-08 -2.47272593487 1.76601189426 -0.0435640257968 0.5627655964 -2.53010422517 -0.951842702696 2.96453516721 -9.89648546653e-09 -0.0208330124097 1.54316155815 0.941194762455 -1.03896682401 -0.039156454829 0.296583504973 2.08012282048 -1.40846782461
597.122 -0.392000159111 0.0208406445626 7.64476413546e-06 -2.47272612843 1.76601209935 -0.0435640708741 0.562765651287 -2.53010545766 -0.951842247132 2.96453525091 -9.71266538739e-08 -0.0208331172682 1.54316155871 0.941194761015 -1.03896682356 -0.0391564544081 0.296583509191 2.08012284604 -1.40846782008
597.402 -0.543497849499 0.0208330148196 1.49971596836e-08 -2.47272599065 1.76601196209 -0.0435640410872 0.562765628646 -2.53010402585 -0.951842626355 2.96453485106 -3.72185854469e-07 -0.0208330011527 1.54316155716 0.941194760037 -1.03896682316 -0.0391564551059 0.296583514224 2.08012286466 -1.40846781797
597.702 -0.630769147802 0.0208361312718 3.13138359806e-06 -2.47272614 1.76601204781 -0.0435640797428 0.562765637579 -2.53010430623 -0.951842498824 2.96453443361 -1.25149896352e-08 -0.0208330155623 1.54316155833 0.941194762406 -1.03896682402 -0.0391564547348 0.29658350481 2.08012282011 -1.40846782467
597.822 -0.661389976233 0.0208332152053 2.15391494487e-07 -2.4727259757 1.7660118576 -0.0435640363507 0.562765562049 -2.53010410416 -0.951842807905 2.96453488481 -1.21555103213e-07 -0.0208331466357 1.54316155846 0.94119476067 -1.03896682341 -0.0391564544991 0.296583510608 2.08012285213 -1.40846781936
597.942 -0.687781952582 0.0208330148197 1.4997058208e-08 -2.47272599066 1.76601196211 -0.0435640410199 0.56276562865 -2.53010402587 -0.951842626402 2.96453485106 -2.83590148962e-09 -0.0208330039283 1.5431615573 0.941194761149 -1.03896682348 -0.0391564551134 0.296583506518 2.08012282233 -1.40846782343
598.002 -0.699028980487 0.0208332152053 2.15391471583e-07 -2.47272597569 1.76601185763 -0.0435640363292 0.562765562046 -2.53010410419 -0.951842807777 2.9645348848 -1.90266134638e-07 -0.0208332292318 1.54316155791 0.941194760334 -1.03896682323 -0.0391564547483 0.296583514175 2.08012286947 -1.40846781792
598.122 -0.718254320962 0.0208330148197 1.49970370805e-08 -2.47272599064 1.76601196213 -0.043564041003 0.562765628653 -2.53010402586 -0.951842626406 2.96453485105 -4.76923998519e-09 -0.0208330062531 1.54316155758 0.941194761759 -1.0389668237 -0.0391564550327 0.296583505831 2.08012282084 -1.40846782417
598.222 -0.731447780169 0.0208330881596 8.83389703571e-08 -2.47272592134 1.7660118497 -0.043564021333 0.562765567932 -2.53010427777 -0.951842773421 2.96453521236 -1.25129244728e-08 -0.0208330155619 1.54316155835 0.941194762532 -1.03896682403 -0.039156454733 0.296583504805 2.0801228208 -1.40846782455
598.302 -0.74045203927 0.0208330148197 1.49970210971e-08 -2.47272599065 1.76601196213 -0.0435640410031 0.562765628652 -2.53010402587 -0.951842626414 2.96453485105 -7.79072032871e-09 -0.0208330098857 1.54316155794 0.941194762227 -1.03896682388 -0.0391564549017 0.296583505221 2.08012282014 -1.40846782457
598.722 -0.771568155642 0.0208332152053 2.15391411793e-07 -2.4727259757 1.76601185763 -0.0435640363221 0.562765562047 -2.53010410419 -0.951842807796 2.9645348848 -2.83379470436e-09 -0.0208330039279 1.5431615573 0.941194761109 -1.03896682346 -0.0391564551112 0.29658350654 2.08012282214 -1.40846782346
598.822 -0.776156955295 0.0208342825953 1.28276299389e-06 -2.47272613793 1.7660119892 -0.0435640817689 0.562765614187 -2.53010381807 -0.951842676188 2.96453413397 -7.78987840058e-09 -0.0208330098856 1.54316155794 0.941194762231 -1.0389668239 -0.0391564549023 0.296583505215 2.08012282024 -1.40846782456
598.922 -0.780005139357 0.0208406445625 7.64476375556e-06 -2.4727261285 1.76601209929 -0.0435640708472 0.562765651278 -2.53010545769 -0.951842246948 2.96453525091 -1.98894250013e-08 -0.0208330244305 1.54316155873 0.941194762596 -1.0389668241 -0.0391564545518 0.296583504741 2.0801228229 -1.4084678241
599.042 -0.783812254513 0.0208335253715 5.25557741802e-07 -2.47272606968 1.76601191498 -0.0435640629948 0.562765582426 -2.53010384759 -0.951842779888 2.96453438941 -1.90264433229e-07 -0.0208332292321 1.5431615579 0.941194760294 -1.03896682329 -0.0391564547458 0.296583514196 2.0801228692 -1.40846781792
599.122 -0.785938499091 0.0208330881596 8.83389311824e-08 -2.47272592134 1.76601184969 -0.0435640213344 0.562765567932 -2.53010427777 -0.951842773421 2.96453521236 -1.21551637859e-07 -0.0208331466352 1.54316155848 0.941194760722 -1.03896682343 -0.0391564544951 0.296583510616 2.08012285247 -1.40846781937
599.222 -0.721221488856 0.0208335253717 5.25557568249e-07 -2.4727260692 1.76601191557 -0.0435640626656 0.562765582424 -2.53010384817 -0.951842779682 2.96453438931 -1.52183548971e-07 -0.0208331834745 1.54316155831 0.941194760413 -1.03896682334 -0.0391564546893 0.296583512406 2.0801228598 -1.40846781898
599.302 -0.650912678728 0.0208330881596 8.83386565547e-08 -2.47272592109 1.76601185012 -0.0435640211149 0.562765567961 -2.53010427761 -0.951842773346 2.9645352125 -9.71051027552e-08 -0.0208331172646 1.54316155873 0.941194760963 -1.03896682351 -0.0391564543801 0.296583509196 2.08012284588 -1.40846782018
599.422 -0.547649868794 0.0208330060961 6.27897065618e-09 -2.47272603909 1.76601201282 -0.0435640538294 0.562765645486 -2.53010387294 -0.951842568614 2.9645345371 -2.12849770043e-09 -0.0208330030981 1.54316155725 0.941194760684 -1.03896682336 -0.0391564551404 0.296583506995 2.080122823 -1.40846782302
599.522 -0.467478295953 0.0208330361261 3.6301116143e-08 -2.4727259348 1.7660118943 -0.0435640255217 0.562765596406 -2.53010422513 -0.951842703221 2.96453516723 -6.09533738566e-09 -0.0208330078646 1.54316155777 0.941194762035 -1.03896682383 -0.0391564549805 0.296583505513 2.08012282048 -1.4084678244
599.622 -0.380235709655 0.0208332152054 2.15391136229e-07 -2.47272597554 1.76601185782 -0.0435640362245 0.562765562044 -2.53010410435 -0.951842807704 2.96453488477 -1.57718712672e-08 -0.0208330195001 1.54316155861 0.941194762495 -1.03896682401 -0.0391564546519 0.296583504817 2.0801228217 -1.40846782442
599.742 -0.282604397235 0.0208330148197 1.49967500883e-08 -2.47272599066 1.76601196209 -0.0435640410866 0.562765628649 -2.53010402588 -0.951842626191 2.96453485104 -1.52074235813e-07 -0.0208331833421 1.54316155821 0.941194760467 -1.03896682338 -0.0391564546189 0.296583512283 2.08012286005 -1.40846781866
599.802 -0.229069216127 0.0208332152053 2.15391093992e-07 -2.47272597586 1.76601185754 -0.0435640363997 0.562765562058 -2.53010410407 -0.951842808059 2.96453488474 -2.49932368821e-08 -0.0208330305859 1.54316155886 0.941194762598 -1.03896682405 -0.0391564544724 0.2965835049 2.08012282429 -1.40846782374
599.922 -0.130785539982 0.0208330148197 1.49967503365e-08 -2.47272599068 1.76601196206 -0.0435640410758 0.562765628632 -2.53010402587 -0.951842626571 2.96453485107 -2.37959198883e-07 -0.0208332865853 1.54316155762 0.941194760249 -1.03896682326 -0.0391564548996 0.296583516416 2.08012288007 -1.40846781693
600.102 0.0238677817271 0.0208330148197 1.49967409227e-08 -2.47272599061 1.7660119622 -0.0435640410149 0.562765628652 -2.53010402583 -0.951842626362 2.96453485109 -3.72160067444e-07 -0.0208330011481 1.54316155717 0.941194760026 -1.03896682315 -0.0391564550872 0.296583514226 2.08012286473 -1.40846781799
600.222 0.125534550965 0.0208361312718 3.13138320014e-06 -2.47272613985 1.76601204801 -0.0435640796307 0.562765637584 -2.5301043063 -0.951842498692 2.9645344336 -9.86668293518e-09 -0.0208330124044 1.5431615582 0.941194762338 -1.03896682394 -0.0391564548287 0.296583505057 2.08012282048 -1.40846782464
600.322 0.205963727049 0.0208330060961 6.27903437092e-09 -2.47272603918 1.76601201269 -0.0435640538387 0.5627656455 -2.53010387286 -0.951842569205 2.96453453711 -2.49938094113e-08 -0.020833030586 1.54316155889 0.941194762512 -1.03896682404 -0.0391564544787 0.29658350489 2.0801228245 -1.40846782371
600.442 0.283029667134 0.0208342825953 1.28276282633e-06 -2.47272613794 1.76601198916 -0.0435640818196 0.562765614184 -2.53010381807 -0.951842676233 2.96453413397 -2.37959851028e-07 -0.0208332865859 1.54316155761 0.941194760245 -1.03896682327 -0.0391564548922 0.296583516403 2.08012288011 -1.40846781695
600.502 0.315395650013 0.0208330060961 6.27912109257e-09 -2.47272603916 1.76601201271 -0.0435640538371 0.56276564551 -2.53010387285 -0.951842569061 2.96453453711 -3.94075440082e-08 -0.0208330479087 1.54316155905 0.941194762173 -1.03896682393 -0.0391564543467 0.296583505591 2.08012282918 -1.40846782272
600.622 0.382658779285 0.0208342825953 1.2827628179e-06 -2.4727261379 1.76601198923 -0.0435640817818 0.562765614183 -2.53010381813 -0.95184267623 2.96453413396 -3.7216171567e-07 -0.0208330011485 1.54316155718 0.941194759989 -1.03896682316 -0.0391564551069 0.296583514269 2.08012286467 -1.40846781798
600.742 0.446013371698 0.0208330881596 8.83388001972e-08 -2.47272592134 1.76601184969 -0.0435640213435 0.562765567932 -2.53010427778 -0.95184277332 2.96453521235 -9.87238137074e-09 -0.0208330124054 1.54316155815 0.941194762409 -1.03896682399 -0.0391564548222 0.296583504978 2.08012282037 -1.40846782462
600.822 0.471684113279 0.0208330148196 1.49969339259e-08 -2.47272599069 1.76601196207 -0.0435640410745 0.562765628646 -2.53010402581 -0.951842626369 2.96453485107 -6.09823960082e-09 -0.0208330078651 1.54316155773 0.941194762046 -1.03896682384 -0.0391564549658 0.29658350548 2.08012282033 -1.4084678244
601.002 0.518380146323 0.0208330148196 1.49969237088e-08 -2.47272599066 1.76601196212 -0.0435640410105 0.562765628658 -2.53010402582 -0.951842626449 2.96453485105 -9.87518752714e-09 -0.0208330124059 1.54316155815 0.941194762446 -1.03896682396 -0.0391564548221 0.296583504988 2.08012282035 -1.40846782461
601.122 0.550521699088 0.020836131272 3.13138361103e-06 -2.47272613995 1.76601204787 -0.0435640797268 0.562765637581 -2.5301043062 -0.951842498824 2.96453443363 -9.71082402827e-08 -0.0208331172649 1.54316155871 0.94119476101 -1.03896682356 -0.0391564544076 0.296583509192 2.08012284605 -1.40846782008
601.222 0.579487999205 0.0208330060961 6.27919736347e-09 -2.47272603914 1.76601201273 -0.0435640538358 0.562765645509 -2.53010387287 -0.951842569075 2.96453453711 -2.37963280023e-07 -0.0208332865863 1.54316155762 0.941194760203 -1.03896682321 -0.0391564548955 0.296583516427 2.08012288009 -1.40846781696
601.422 0.635638676804 0.0208332152053 2.15391346047e-07 -2.4727259757 1.76601185761 -0.0435640363936 0.562765562038 -2.5301041042 -0.951842807815 2.96453488481 -3.67978350321e-09 -0.0208330049588 1.54316155744 0.941194761442 -1.03896682366 -0.0391564550816 0.296583506195 2.08012282135 -1.40846782386
601.522 0.66216599902 0.0208342825953 1.28276294357e-06 -2.47272613795 1.76601198918 -0.0435640817915 0.562765614181 -2.53010381807 -0.951842676216 2.96453413397 -9.87568292092e-09 -0.020833012406 1.54316155815 0.941194762416 -1.038966824 -0.0391564548214 0.296583504975 2.08012282042 -1.4084678246
601.602 0.680270339903 0.0208332152053 2.15391374786e-07 -2.47272597571 1.7660118576 -0.0435640363774 0.56276556204 -2.53010410419 -0.951842807806 2.96453488481 -6.0985726739e-09 -0.0208330078652 1.54316155775 0.941194762012 -1.03896682384 -0.0391564549709 0.296583505504 2.08012282036 -1.40846782442
601.722 0.703067407307 0.0208330148196 1.49969703106e-08 -2.47272599067 1.76601196208 -0.0435640410962 0.562765628644 -2.53010402585 -0.951842626437 2.96453485106 -6.19276888104e-08 -0.0208330749751 1.54316155901 0.941194761661 -1.03896682383 -0.0391564543176 0.29658350699 2.08012283609 -1.40846782148
601.822 0.718711977096 0.0208330881595 8.83389175984e-08 -2.47272592134 1.76601184969 -0.0435640213541 0.56276556793 -2.53010427777 -0.951842773415 2.96453521236 -1.52079527325e-07 -0.0208331833431 1.5431615582 0.941194760465 -1.03896682335 -0.0391564546083 0.29658351228 2.08012286012 -1.40846781864
601.922 0.731831570027 0.0208335253715 5.25557746074e-07 -2.47272606968 1.76601191501 -0.0435640629549 0.56276558243 -2.53010384759 -0.951842779871 2.9645343894 -3.72169076441e-07 -0.0208330011497 1.54316155715 0.941194760013 -1.03896682312 -0.0391564551014 0.296583514226 2.08012286464 -1.40846781797
602.002 0.740785416953 0.0208330881595 8.83389349953e-08 -2.47272592133 1.76601184971 -0.0435640213173 0.562765567934 -2.53010427777 -0.951842773411 2.96453521235 -2.3796615129e-07 -0.0208332865869 1.5431615576 0.94119476023 -1.03896682321 -0.0391564548903 0.296583516407 2.08012288004 -1.40846781695
602.122 0.752060141247 0.0208330060961 6.27927813077e-09 -2.47272603916 1.7660120127 -0.0435640538747 0.562765645508 -2.53010387284 -0.95184256911 2.96453453712 -6.10045570153e-09 -0.0208330078655 1.54316155775 0.941194762007 -1.03896682384 -0.0391564549724 0.296583505503 2.08012282038 -1.40846782441
602.242 0.761188107278 0.0208342825952 1.28276295749e-06 -2.47272613793 1.76601198922 -0.0435640817389 0.56276561419 -2.53010381807 -0.951842676186 2.96453413396 -6.19295200746e-08 -0.0208330749755 1.54316155901 0.941194761633 -1.03896682374 -0.0391564543192 0.296583506991 2.08012283609 -1.40846782148
602.302 0.765078020145 0.0208330060961 6.27928680801e-09 -2.47272603916 1.76601201271 -0.0435640538371 0.562765645512 -2.53010387284 -0.951842569113 2.96453453711 -9.87837284667e-09 -0.0208330124065 1.54316155815 0.941194762414 -1.03896682396 -0.0391564548183 0.296583504976 2.08012282041 -1.4084678246
602.422 0.77172732339 0.0208342825953 1.28276301205e-06 -2.47272613794 1.76601198918 -0.0435640817918 0.562765614184 -2.53010381807 -0.951842676219 2.96453413397 -9.71108070794e-08 -0.0208331172654 1.54316155871 0.941194761017 -1.03896682356 -0.039156454405 0.296583509189 2.08012284604 -1.40846782008
602.602 0.779404657418 0.0208342825953 1.28276301512e-06 -2.47272613793 1.76601198921 -0.0435640817462 0.562765614189 -2.53010381807 -0.951842676205 2.96453413397 -1.52081190231e-07 -0.0208331833433 1.5431615582 0.941194760458 -1.0389668233 -0.039156454609 0.296583512278 2.08012286011 -1.40846781864
602.822 0.786017211548 0.0208335253715 5.25557776274e-07 -2.47272606967 1.76601191502 -0.0435640629338 0.562765582432 -2.5301038476 -0.951842779881 2.9645343894 -9.87899387237e-09 -0.0208330124066 1.54316155815 0.941194762412 -1.03896682395 -0.0391564548189 0.296583504974 2.08012282041 -1.40846782461
602.942 0.788679598452 0.0208330361261 3.63014010099e-08 -2.4727259348 1.76601189432 -0.0435640255358 0.562765596414 -2.53010422514 -0.951842703 2.96453516723 -9.71111332707e-08 -0.0208331172655 1.54316155871 0.941194761019 -1.03896682355 -0.039156454405 0.29658350919 2.08012284604 -1.40846782008
603.002 0.742577408667 0.0208335253715 5.25558244015e-07 -2.47272606956 1.76601191507 -0.0435640629096 0.562765582399 -2.53010384779 -0.951842779881 2.96453438941 -1.57980194633e-08 -0.0208330195048 1.54316155851 0.941194762426 -1.03896682404 -0.0391564546112 0.296583504558 2.08012282205 -1.40846782435
603.122 0.636955547488 0.0208330361261 3.63017285352e-08 -2.47272593477 1.76601189434 -0.0435640255427 0.562765596435 -2.53010422512 -0.951842702839 2.96453516722 -1.52095574438e-07 -0.0208331833457 1.54316155817 0.941194760466 -1.03896682332 -0.0391564545808 0.296583512251 2.08012286016 -1.40846781868
603.302 0.526106057714 0.0208330361261 3.63016141853e-08 -2.47272593477 1.76601189434 -0.0435640255024 0.562765596421 -2.53010422512 -0.951842703085 2.96453516724 -2.37977586835e-07 -0.0208332865891 1.5431615576 0.941194760225 -1.03896682322 -0.0391564548944 0.296583516407 2.08012288 -1.40846781696
603.422 0.458958194092 0.0208406445625 7.64476413895e-06 -2.47272612854 1.76601209925 -0.0435640708579 0.562765651278 -2.53010545764 -0.951842246901 2.96453525092 -6.11279201063e-09 -0.0208330078677 1.54316155772 0.941194762048 -1.03896682384 -0.0391564549665 0.296583505468 2.08012282031 -1.40846782439
603.522 0.405237065678 0.0208330148196 1.49972297866e-08 -2.47272599065 1.7660119621 -0.0435640410742 0.562765628652 -2.53010402584 -0.951842626409 2.96453485106 -1.57919007571e-08 -0.0208330195036 1.54316155854 0.941194762614 -1.0389668241 -0.0391564546343 0.296583504716 2.0801228217 -1.40846782438
603.622 0.368818545091 0.0208330881595 8.8339097148e-08 -2.47272592129 1.76601184975 -0.0435640212784 0.562765567937 -2.53010427782 -0.95184277346 2.96453521234 -3.94213419683e-08 -0.0208330479112 1.54316155907 0.941194762144 -1.03896682392 -0.0391564543558 0.296583505617 2.08012282916 -1.40846782275
603.742 0.337671895417 0.0208330060961 6.27940975128e-09 -2.47272603916 1.76601201271 -0.0435640538502 0.562765645511 -2.53010387285 -0.95184256903 2.96453453711 -3.72176924743e-07 -0.0208330011511 1.54316155716 0.941194760014 -1.03896682312 -0.0391564551047 0.296583514227 2.08012286463 -1.40846781797
604.022 0.264938986569 0.0208330361261 3.63015307292e-08 -2.47272593479 1.76601189434 -0.0435640255 0.562765596424 -2.53010422511 -0.951842702958 2.96453516722 -3.69147788478e-09 -0.0208330049609 1.54316155741 0.941194761447 -1.03896682358 -0.0391564550727 0.296583506161 2.08012282132 -1.40846782385
604.122 0.238310794517 0.0208332152053 2.15391554192e-07 -2.4727259757 1.76601185761 -0.0435640363629 0.562765562046 -2.53010410418 -0.951842807815 2.96453488481 -9.88611609686e-09 -0.0208330124079 1.54316155814 0.941194762414 -1.03896682399 -0.039156454817 0.29658350497 2.08012282042 -1.40846782461
604.222 0.210985667636 0.0208342825952 1.28276309954e-06 -2.47272613798 1.76601198913 -0.0435640818536 0.562765614179 -2.53010381804 -0.95184267624 2.96453413398 -1.988804797e-08 -0.0208330244302 1.5431615587 0.9411947625 -1.03896682412 -0.0391564545762 0.2965835046 2.08012282219 -1.40846782424
604.322 0.185675734719 0.0208406445624 7.64476383599e-06 -2.47272612848 1.76601209932 -0.0435640708138 0.562765651284 -2.53010545769 -0.95184224692 2.96453525091 -4.94282042405e-08 -0.0208330599403 1.54316155907 0.941194762003 -1.03896682388 -0.0391564543132 0.296583506242 2.08012283277 -1.40846782205
604.522 0.14665136972 0.0208330881596 8.83390406941e-08 -2.47272592133 1.7660118497 -0.0435640213245 0.562765567934 -2.53010427777 -0.951842773401 2.96453521235 -2.97635801244e-07 -0.0208333582878 1.54316155736 0.941194760347 -1.03896682324 -0.0391564550358 0.296583518806 2.08012289335 -1.40846781725
604.622 0.131724758985 0.0208335253715 5.25557837216e-07 -2.47272606969 1.76601191497 -0.0435640630064 0.562765582424 -2.53010384759 -0.951842779893 2.96453438941 -1.59226729943e-09 -0.0208330024393 1.54316155713 0.941194760421 -1.0389668233 -0.0391564551311 0.296583507253 2.08012282405 -1.40846782252
604.722 0.119207249151 0.020836131272 3.13138377131e-06 -2.47272613994 1.76601204789 -0.0435640796857 0.562765637588 -2.5301043062 -0.951842498817 2.96453443362 -4.76378915553e-09 -0.0208330062522 1.54316155758 0.941194761748 -1.03896682371 -0.0391564550322 0.29658350583 2.08012282086 -1.40846782417
604.822 0.108710019945 0.0208330060961 6.27934899262e-09 -2.47272603917 1.76601201269 -0.0435640538873 0.562765645506 -2.53010387284 -0.951842569126 2.96453453712 -1.25075489544e-08 -0.0208330155609 1.54316155835 0.941194762532 -1.03896682406 -0.0391564547317 0.296583504807 2.08012282081 -1.40846782454
604.942 0.0983248199788 0.0208342825953 1.28276311694e-06 -2.47272613795 1.76601198916 -0.0435640818301 0.56276561418 -2.53010381806 -0.951842676221 2.96453413398 -1.21547269979e-07 -0.0208331466342 1.54316155848 0.94119476075 -1.03896682349 -0.0391564544939 0.296583510607 2.08012285251 -1.40846781937
605.022 0.0925247656126 0.0208332152053 2.15391480983e-07 -2.47272597571 1.7660118576 -0.0435640363858 0.56276556204 -2.53010410418 -0.951842807817 2.96453488481 -7.75710377837e-08 -0.020833093772 1.54316155889 0.94119476133 -1.03896682368 -0.0391564543481 0.296583507982 2.08012284059 -1.4084678208
605.122 0.0863339925124 0.0208342825953 1.28276305307e-06 -2.47272613793 1.76601198921 -0.0435640817447 0.562765614189 -2.53010381807 -0.951842676188 2.96453413396 -1.90259735598e-07 -0.020833229231 1.5431615579 0.941194760288 -1.03896682323 -0.0391564547451 0.296583514195 2.08012286923 -1.40846781792
