# time head_pan l_gripper_l_finger_joint l_gripper_r_finger_joint left_e0 left_e1 left_s0 left_s1 left_w0 left_w1 left_w2 r_gripper_l_finger_joint r_gripper_r_finger_joint right_e0 right_e1 right_s0 right_s1 right_w0 right_w1 right_w2
551.222 0.284008390042 0.0208330000432 1.41999171626e-09 -1.9905923332 0.725312948209 -0.211997004135 -0.0783805117043 -2.68684626513 -0.875264779416 2.84639417924 -1.59866238194e-09 -0.0208330024465 1.54316155713 0.941194760433 -1.03896682325 -0.0391564551311 0.296583507259 2.08012282419 -1.40846782251
551.322 0.284432104751 0.0208362147587 3.87648088545e-06 -1.99059247972 0.725312798413 -0.211997647038 -0.0783805070627 -2.68684619142 -0.875264281093 2.84639358155 -4.77063675559e-09 -0.0208330062594 1.54316155758 0.941194761736 -1.03896682372 -0.0391564550362 0.296583505828 2.08012282076 -1.40846782417
551.402 0.238239495782 0.0208380222378 6.05490134692e-06 -1.99059243696 0.725312907054 -0.211998394812 -0.0783805140404 -2.68684696384 -0.875264224103 2.84639413528 -2.85389215588e-09 -0.0208330039377 1.54316155731 0.941194760795 -1.03896682341 -0.0391564550805 0.296583506438 2.08012282271 -1.40846782339
551.522 0.132761501545 0.0208362136579 3.87517045647e-06 -1.99059246392 0.725312843688 -0.211998590671 -0.0783805315676 -2.6868462225 -0.875264405922 2.8463934493 -3.1435793889e-08 -0.0208330382976 1.54316155894 0.941194762344 -1.03896682399 -0.0391564543696 0.296583505115 2.0801228266 -1.40846782334
551.622 0.0438489871928 0.0208330237609 3.00440125242e-08 -1.9905924047 0.725312982912 -0.211998093113 -0.078380431172 -2.68684610772 -0.875264400806 2.84639446458 -7.75957625866e-08 -0.0208330937824 1.54316155882 0.941194761399 -1.03896682368 -0.0391564543369 0.296583507894 2.08012284055 -1.40846782075
551.822 -0.124835512854 0.0208330077806 1.08133962685e-08 -1.99059241628 0.725312939543 -0.211998077958 -0.0783804594491 -2.68684598289 -0.875264460116 2.84639421043 -8.24596898391e-10 -0.0208330014975 1.54316155702 0.94119475988 -1.03896682307 -0.0391564550896 0.296583507824 2.0801228267 -1.40846782146
551.922 -0.205282929517 0.0208333450762 4.17266243421e-07 -1.99059206874 0.725312783875 -0.211998229192 -0.0783806269826 -2.68684633454 -0.87526458268 2.84639372013 -2.85279811497e-09 -0.0208330039375 1.54316155728 0.941194761115 -1.03896682352 -0.0391564551052 0.296583506532 2.08012282213 -1.40846782348
552.222 -0.383078366041 0.0208380215143 6.05405437182e-06 -1.99059243429 0.725312862593 -0.211998123934 -0.0783805317148 -2.68684693704 -0.87526421883 2.84639409163 -4.94485173544e-08 -0.02083305995 1.54316155902 0.94119476197 -1.03896682389 -0.0391564543193 0.29658350614 2.08012283224 -1.40846782211
552.422 -0.473912437137 0.0208346453137 1.98472188087e-06 -1.99059244041 0.725312796343 -0.211998199596 -0.0783805541398 -2.68684569682 -0.875264574206 2.84639295267 -2.97651881685e-07 -0.0208333582972 1.54316155737 0.941194760281 -1.03896682321 -0.0391564550484 0.296583518847 2.08012289315 -1.40846781726
552.522 -0.498775025385 0.0208330121632 1.60873476961e-08 -1.99059243803 0.725312969 -0.211998147348 -0.0783804368725 -2.68684598418 -0.87526443083 2.84639430712 -1.60741077265e-09 -0.0208330024481 1.54316155714 0.941194760442 -1.03896682326 -0.0391564551388 0.296583507264 2.0801228242 -1.4084678225
552.642 -0.533279776366 0.0208330062223 8.92997294968e-09 -1.99059239654 0.725312919496 -0.211998136155 -0.07838047334 -2.68684600421 -0.875264469583 2.84639416539 -1.99028758409e-08 -0.020833024439 1.54316155872 0.941194762556 -1.03896682407 -0.03915645455 0.296583504741 2.08012282288 -1.40846782411
552.702 -0.549866499922 0.0208333450762 4.17263219453e-07 -1.9905920706 0.725312779066 -0.211998127394 -0.078380626433 -2.68684633379 -0.875264579846 2.84639372036 -2.8463560772e-09 -0.0208330039363 1.54316155729 0.941194761111 -1.03896682351 -0.0391564551177 0.296583506545 2.0801228221 -1.40846782344
552.822 -0.578219359991 0.0208331767388 2.14322005775e-07 -1.9905920374 0.725312833397 -0.211998121063 -0.0783805949926 -2.68684660149 -0.875264503813 2.84639422995 -3.14299932473e-08 -0.0208330382965 1.54316155899 0.941194762395 -1.03896682405 -0.0391564544049 0.296583505157 2.08012282654 -1.40846782326
553.002 -0.622507957236 0.0208380215145 6.05405227648e-06 -1.99059243372 0.725312864052 -0.211998168919 -0.0783805319256 -2.68684693719 -0.875264220316 2.84639409163 -4.94431380305e-08 -0.0208330599491 1.54316155906 0.941194761915 -1.03896682387 -0.0391564543288 0.296583506198 2.08012283228 -1.40846782212
553.122 -0.65222654151 0.0208355708856 3.1004045778e-06 -1.9905924779 0.725312820679 -0.211998177203 -0.0783805349025 -2.68684596931 -0.875264475016 2.84639321732 -8.16718908541e-10 -0.0208330014961 1.54316155706 0.941194759828 -1.03896682306 -0.0391564550961 0.296583507883 2.08012282675 -1.40846782149
553.422 -0.712850156376 0.0208330062223 8.92896862976e-09 -1.99059239635 0.725312920015 -0.211998145728 -0.0783804734057 -2.68684600428 -0.875264469821 2.84639416535 -1.99013909019e-08 -0.0208330244388 1.54316155873 0.941194762578 -1.03896682407 -0.0391564545557 0.296583504742 2.08012282289 -1.4084678241
553.602 -0.736515353483 0.0208331767388 2.1432122195e-07 -1.99059203745 0.725312833277 -0.211998119619 -0.078380594973 -2.68684660147 -0.875264503691 2.84639422994 -3.14290314224e-08 -0.0208330382963 1.54316155899 0.941194762382 -1.03896682401 -0.0391564544056 0.29658350516 2.08012282654 -1.40846782327
553.722 -0.748603119357 0.0208330905428 1.10441076745e-07 -1.99059213178 0.725312906128 -0.211998114629 -0.0783805297747 -2.68684658227 -0.875264435769 2.84639451935 -2.97650178465e-07 -0.020833358297 1.54316155735 0.941194760314 -1.03896682324 -0.0391564550415 0.296583518815 2.08012289311 -1.40846781724
553.942 -0.765105135753 0.0208350566759 2.48058093949e-06 -1.99059246735 0.725312807841 -0.211998179917 -0.0783805427265 -2.68684579458 -0.875264530958 2.84639304992 -1.99000586398e-08 -0.0208330244385 1.54316155873 0.941194762589 -1.03896682406 -0.0391564545557 0.296583504739 2.08012282288 -1.4084678241
554.022 -0.769688538986 0.0208343162306 1.58803008744e-06 -1.99059239937 0.725312784114 -0.211998175698 -0.0783805678988 -2.68684567027 -0.875264603082 2.84639292405 -1.25219224256e-08 -0.0208330155696 1.54316155835 0.941194762534 -1.03896682403 -0.0391564547352 0.296583504806 2.08012282088 -1.40846782454
554.122 -0.774580701628 0.0208330097285 1.31548277902e-08 -1.99059243111 0.725312954701 -0.211998140462 -0.0783804467407 -2.68684597587 -0.87526444357 2.84639425727 -3.14279403125e-08 -0.0208330382961 1.54316155899 0.941194762367 -1.03896682402 -0.0391564544054 0.296583505161 2.08012282656 -1.40846782326
554.242 -0.779420653786 0.0208330049759 7.42265259007e-09 -1.99059237226 0.725312901321 -0.211998146645 -0.0783804883854 -2.68684603551 -0.875264481871 2.84639412318 -2.97649456368e-07 -0.0208333582969 1.54316155735 0.941194760322 -1.03896682323 -0.0391564550411 0.29658351881 2.0801228931 -1.40846781725
554.302 -0.781483215386 0.0208332760841 3.34084122962e-07 -1.99059204372 0.725312793623 -0.211998129729 -0.0783806211816 -2.68684645181 -0.875264555808 2.84639390641 -4.94406736566e-08 -0.0208330599487 1.54316155906 0.941194761925 -1.03896682386 -0.039156454326 0.2965835062 2.08012283228 -1.40846782213
554.422 -0.78500889784 0.0208331414151 1.71743725577e-07 -1.99059205709 0.725312856952 -0.211998117039 -0.0783805755254 -2.68684662648 -0.875264478599 2.84639435521 -8.13299428376e-10 -0.0208330014955 1.54316155708 0.94119475981 -1.03896682305 -0.0391564550995 0.296583507911 2.08012282677 -1.40846782149
554.602 -0.789079676507 0.0208370170922 4.84365990585e-06 -1.99059245643 0.725312848347 -0.211998172173 -0.0783805303013 -2.68684654685 -0.875264320778 2.84639374868 -1.6053718868e-09 -0.0208330024477 1.54316155713 0.941194760436 -1.03896682325 -0.0391564551329 0.296583507252 2.08012282421 -1.40846782252
554.722 -0.724335003667 0.0208350566761 2.48057631567e-06 -1.99059246738 0.725312807813 -0.211998179783 -0.0783805427262 -2.68684579454 -0.875264532385 2.84639305004 -1.98974320364e-08 -0.0208330244535 1.54316155882 0.941194762093 -1.03896682392 -0.0391564545903 0.29658350515 2.08012282295 -1.40846782363
555.022 -0.463047203064 0.0208330049759 7.41871222597e-09 -1.99059237228 0.725312901256 -0.211998146705 -0.0783804883769 -2.68684603554 -0.875264481923 2.84639412317 -1.90255289616e-07 -0.0208332292351 1.54316155798 0.94119476034 -1.03896682325 -0.0391564547532 0.296583514332 2.08012287004 -1.40846781778
555.102 -0.397533943011 0.0208330031816 5.24601561772e-09 -1.99059232024 0.725312865706 -0.211998149336 -0.0783805174415 -2.68684611577 -0.875264501173 2.84639404397 -1.21544699372e-07 -0.0208331466392 1.54316155849 0.941194760802 -1.03896682346 -0.0391564544869 0.296583510582 2.08012285301 -1.40846781933
555.222 -0.296850055274 0.0208428070432 2.72121704415e-09 -1.99059233843 0.725312876173 -0.211998153015 -0.0783805388165 -2.6868471729 -0.875264200353 2.84639454589 -2.82435157888e-09 -0.0208330039323 1.54316155737 0.941194761113 -1.03896682352 -0.0391564551222 0.296583506606 2.08012282257 -1.4084678235
555.322 -0.216262252502 0.0208330724507 8.86438375764e-08 -1.99059218055 0.725312929045 -0.211998115411 -0.0783805062372 -2.68684652226 -0.875264419452 2.84639455901 -7.78239746316e-09 -0.0208330098903 1.54316155796 0.94119476222 -1.0389668239 -0.0391564549138 0.296583505239 2.08012281996 -1.40846782454
555.402 -0.147274784939 0.0208330463887 5.72617075973e-08 -1.99059228305 0.725312966198 -0.21199811922 -0.0783804645802 -2.68684635933 -0.875264400362 2.84639456687 -4.756298838e-09 -0.0208330062568 1.54316155756 0.941194761813 -1.03896682375 -0.0391564550373 0.296583505879 2.0801228203 -1.4084678242
555.522 -0.0461676137448 0.0208330237607 3.00346444322e-08 -1.99059240216 0.725312988967 -0.211998128493 -0.0783804301168 -2.68684611322 -0.875264401337 2.84639446086 -4.94218692965e-08 -0.0208330599453 1.54316155908 0.941194761909 -1.03896682388 -0.0391564543356 0.296583506219 2.08012283216 -1.4084678221
555.622 0.0400924130026 0.0208340529718 1.27067415368e-06 -1.99059234634 0.725312774609 -0.211998171048 -0.0783805830566 -2.6868457059 -0.875264621652 2.84639295869 -1.21540501529e-07 -0.0208331466391 1.54316155853 0.941194760653 -1.03896682342 -0.0391564545068 0.296583510697 2.08012285264 -1.4084678194
555.742 0.134977886122 0.0208335391306 6.51214919275e-07 -1.99059216368 0.725312764599 -0.21199815074 -0.0783806208398 -2.68684605154 -0.875264617276 2.84639334604 -2.82482971616e-09 -0.0208330039324 1.5431615573 0.941194761092 -1.03896682352 -0.0391564551209 0.296583506554 2.08012282204 -1.40846782348
555.822 0.207834821293 0.0208333450762 4.17258116105e-07 -1.99059207046 0.725312779407 -0.211998136128 -0.0783806264731 -2.6868463338 -0.875264580489 2.84639372038 -1.58317246454e-09 -0.0208330024438 1.54316155719 0.941194760381 -1.03896682327 -0.0391564551431 0.296583507342 2.08012282433 -1.40846782255
555.922 0.290580685054 0.0208330025439 4.47119197681e-09 -1.99059229577 0.725312850164 -0.211998150286 -0.0783805301399 -2.68684615853 -0.875264507932 2.84639400584 -4.75725710051e-09 -0.020833006257 1.5431615576 0.941194761751 -1.03896682372 -0.0391564550459 0.296583505841 2.0801228207 -1.40846782415
556.042 0.36825450355 0.0208408464908 9.460639468e-06 -1.99059240557 0.725312906192 -0.211998156593 -0.0783805330793 -2.68684786996 -0.875263962263 2.84639486649 -4.94231773545e-08 -0.0208330599455 1.54316155907 0.941194761932 -1.03896682386 -0.0391564543238 0.296583506193 2.08012283235 -1.40846782213
556.122 0.410591679251 0.0208380215145 6.05404955042e-06 -1.99059243372 0.725312864041 -0.21199816705 -0.0783805319212 -2.68684693719 -0.875264220207 2.84639409162 -3.14116697855e-08 -0.0208330382932 1.54316155899 0.941194762363 -1.03896682401 -0.0391564544013 0.296583505153 2.08012282655 -1.40846782327
556.222 0.445960702386 0.0208330371178 4.61073331372e-08 -1.99059232994 0.725312978795 -0.211998122001 -0.0783804486803 -2.68684627108 -0.875264396485 2.84639454279 -7.75729065115e-08 -0.0208330937784 1.54316155887 0.941194761367 -1.03896682367 -0.0391564543412 0.296583507956 2.0801228406 -1.40846782077
556.402 0.493370245904 0.0208340529718 1.27067713719e-06 -1.99059234637 0.725312774523 -0.211998171088 -0.0783805830509 -2.6868457059 -0.875264621274 2.84639295869 -1.21548441251e-07 -0.0208331466406 1.54316155848 0.941194760739 -1.03896682343 -0.0391564545022 0.296583510629 2.08012285242 -1.40846781937
556.522 0.527175067654 0.0208335391306 6.51217375708e-07 -1.99059216367 0.725312764599 -0.211998150728 -0.0783806208425 -2.68684605151 -0.875264617195 2.84639334603 -2.8311295993e-09 -0.0208330039336 1.5431615573 0.941194761106 -1.0389668235 -0.0391564551166 0.296583506546 2.08012282213 -1.40846782344
556.642 0.561694205192 0.0208332760842 3.34083768527e-07 -1.99059204372 0.725312793608 -0.211998129721 -0.0783806211812 -2.68684645181 -0.875264555778 2.84639390642 -3.141485634e-08 -0.0208330382938 1.54316155899 0.941194762382 -1.03896682403 -0.0391564544091 0.296583505159 2.08012282658 -1.40846782326
556.742 0.587570999766 0.0208330020338 3.85214713138e-09 -1.99059227407 0.725312836996 -0.211998151063 -0.07838054095 -2.68684619951 -0.875264512445 2.84639396816 -7.75731515453e-08 -0.0208330937784 1.54316155889 0.941194761319 -1.03896682367 -0.039156454352 0.296583507984 2.08012284063 -1.40846782079
556.822 0.61131173618 0.0208408464907 9.46064086695e-06 -1.99059240557 0.725312906186 -0.211998156623 -0.0783805330776 -2.68684786997 -0.875263962267 2.84639486649 -4.94270782636e-08 -0.0208330599462 1.54316155908 0.941194761908 -1.03896682389 -0.0391564543268 0.296583506216 2.08012283232 -1.40846782214
556.922 0.638176415103 0.0208330579736 7.12124412436e-08 -1.99059223212 0.725312949482 -0.211998116956 -0.078380484118 -2.6868464455 -0.87526440761 2.84639457359 -1.21548858889e-07 -0.0208331466406 1.54316155848 0.941194760732 -1.03896682346 -0.039156454499 0.296583510622 2.08012285246 -1.40846781936
557.022 0.663130981029 0.0208355708857 3.10040300692e-06 -1.99059247786 0.725312820771 -0.211998179028 -0.0783805349147 -2.68684596931 -0.875264475289 2.84639321734 -2.97636745028e-07 -0.0208333582944 1.54316155736 0.941194760322 -1.03896682328 -0.0391564550414 0.296583518817 2.08012289312 -1.40846781725
557.102 0.681108572808 0.0208346453137 1.98472021936e-06 -1.99059244074 0.725312795411 -0.211998178753 -0.0783805540212 -2.68684569667 -0.875264573353 2.8463929527 -1.90262026401e-07 -0.0208332292375 1.5431615579 0.941194760316 -1.0389668233 -0.0391564547453 0.296583514193 2.08012286921 -1.40846781792
557.222 0.703746037292 0.0208338423727 1.01679737925e-06 -1.99059228606 0.725312767617 -0.211998165068 -0.0783805979547 -2.68684579113 -0.87526462875 2.84639304798 -4.76601046445e-09 -0.0208330062586 1.54316155758 0.941194761746 -1.03896682371 -0.0391564550353 0.296583505831 2.08012282073 -1.40846782418
557.422 0.732308821089 0.0208332760842 3.34084627241e-07 -1.99059204372 0.725312793617 -0.211998129696 -0.0783806211816 -2.68684645181 -0.875264555817 2.84639390641 -3.14170531832e-08 -0.0208330382942 1.54316155899 0.941194762377 -1.03896682401 -0.0391564544035 0.29658350516 2.08012282655 -1.40846782327
557.522 0.743233932967 0.0208330020338 3.85286304984e-09 -1.99059227407 0.725312837023 -0.211998151031 -0.0783805409508 -2.6868461995 -0.875264512427 2.84639396815 -7.75749168319e-08 -0.0208330937787 1.54316155889 0.941194761324 -1.03896682365 -0.0391564543497 0.296583507982 2.08012284063 -1.40846782079
557.642 0.754042449094 0.0208392767085 7.56649071289e-06 -1.99059241422 0.725312882305 -0.211998161705 -0.0783805338602 -2.68684737364 -0.87526410471 2.84639448125 -1.5953259532e-09 -0.020833002446 1.54316155713 0.941194760432 -1.03896682325 -0.0391564551308 0.296583507251 2.08012282422 -1.40846782252
557.702 0.758648533941 0.0208330579736 7.12133700896e-08 -1.99059223211 0.725312949533 -0.211998116916 -0.0783804841183 -2.68684644549 -0.875264407623 2.84639457357 -1.2155138803e-07 -0.0208331466411 1.54316155848 0.941194760723 -1.03896682343 -0.039156454496 0.296583510619 2.08012285246 -1.40846781936
557.822 0.766522040621 0.0208330296984 3.7181319749e-08 -1.99059237031 0.725312986453 -0.211998125138 -0.0783804370564 -2.68684618719 -0.875264397233 2.8463945061 -2.8333271057e-09 -0.0208330039339 1.5431615573 0.941194761113 -1.03896682349 -0.039156455112 0.296583506543 2.08012282213 -1.40846782345
558.002 0.775612848842 0.0208338423727 1.01679807874e-06 -1.99059228606 0.725312767615 -0.211998165078 -0.0783805979537 -2.68684579113 -0.875264628734 2.84639304797 -4.76791029129e-09 -0.020833006259 1.54316155758 0.941194761736 -1.03896682372 -0.0391564550357 0.296583505831 2.08012282074 -1.40846782417
558.122 0.780256273565 0.0208334313201 5.21240498136e-07 -1.99059211138 0.725312769668 -0.211998143248 -0.0783806262495 -2.68684619674 -0.87526460104 2.84639352984 -4.94311010587e-08 -0.020833059947 1.54316155906 0.941194761918 -1.03896682387 -0.0391564543247 0.296583506201 2.08012283229 -1.40846782213
558.222 0.783442840515 0.0208330031816 5.25030702513e-09 -1.99059232025 0.725312865733 -0.211998149301 -0.078380517446 -2.68684611576 -0.875264501397 2.84639404398 -1.21552182876e-07 -0.0208331466412 1.54316155848 0.941194760707 -1.03896682343 -0.0391564544968 0.296583510616 2.08012285248 -1.40846781936
558.322 0.786115107118 0.0208331414151 1.71744799265e-07 -1.99059205708 0.725312856958 -0.211998117014 -0.0783805755252 -2.68684662648 -0.875264478594 2.84639435521 -2.97639897291e-07 -0.0208333582952 1.54316155735 0.941194760312 -1.03896682325 -0.0391564550402 0.296583518814 2.08012289312 -1.40846781724
558.422 0.78835607958 0.0208392767085 7.56649104659e-06 -1.99059241422 0.725312882284 -0.211998161726 -0.0783805338604 -2.68684737365 -0.875264104715 2.84639448125 -1.59622833824e-09 -0.0208330024461 1.54316155713 0.941194760429 -1.03896682327 -0.0391564551312 0.296583507253 2.08012282422 -1.40846782251
558.622 0.682673309008 0.020835056676 2.48058545814e-06 -1.99059246735 0.725312807885 -0.211998179826 -0.0783805427334 -2.68684579458 -0.875264531069 2.84639304992 -1.25228174638e-08 -0.0208330155698 1.54316155832 0.941194762541 -1.03896682403 -0.039156454712 0.296583504778 2.08012282091 -1.40846782456
558.722 0.628187885555 0.0208330152062 1.97514207383e-08 -1.99059243608 0.725312979824 -0.211998134944 -0.0783804303713 -2.68684600986 -0.875264418891 2.84639435875 -3.14276480093e-08 -0.0208330382961 1.54316155897 0.941194762368 -1.03896682402 -0.039156454398 0.296583505148 2.08012282654 -1.40846782327
558.802 0.597415382892 0.0208330097285 1.31576911181e-08 -1.99059243113 0.725312954638 -0.211998140566 -0.0783804467333 -2.68684597587 -0.875264443561 2.84639425729 -1.98962915979e-08 -0.0208330244379 1.54316155873 0.941194762612 -1.03896682409 -0.0391564545617 0.296583504761 2.0801228228 -1.40846782411
558.922 0.565193708463 0.0208330049759 7.42523230541e-09 -1.99059237227 0.725312901279 -0.211998146673 -0.0783804883829 -2.68684603551 -0.87526448182 2.84639412319 -1.90270278521e-07 -0.020833229239 1.5431615579 0.94119476029 -1.03896682327 -0.0391564547525 0.2965835142 2.08012286919 -1.40846781791
559.022 0.536745092953 0.0208332208922 2.6754948129e-07 -1.99059203265 0.725312811809 -0.211998124296 -0.0783806105007 -2.68684654266 -0.875264529866 2.84639407871 -8.10403618862e-10 -0.020833001495 1.54316155707 0.941194759836 -1.03896682307 -0.0391564550957 0.296583507894 2.08012282676 -1.40846782149
559.142 0.505015630677 0.0208331131542 1.37687782814e-07 -1.9905920895 0.725312881618 -0.211998115331 -0.0783805533412 -2.68684661887 -0.875264455643 2.84639445186 -1.25177162678e-08 -0.0208330155688 1.54316155835 0.941194762554 -1.03896682406 -0.0391564547323 0.296583504811 2.08012282086 -1.40846782454
559.222 0.480722105445 0.0208330724507 8.86497179501e-08 -1.99059218054 0.725312929086 -0.211998115432 -0.07838050625 -2.68684652224 -0.875264419563 2.84639455903 -7.79689351954e-09 -0.0208330098929 1.54316155793 0.941194762277 -1.03896682395 -0.0391564548991 0.296583505196 2.08012282021 -1.40846782455
559.322 0.453143905298 0.0208362136541 3.87516438921e-06 -1.9905924731 0.725312834183 -0.211998176374 -0.0783805309072 -2.6868462215 -0.875264405486 2.84639345228 -1.98963013859e-08 -0.0208330244379 1.54316155872 0.941194762596 -1.0389668241 -0.039156454551 0.296583504736 2.08012282288 -1.40846782411
559.422 0.427154464018 0.0208330237607 3.00401889678e-08 -1.99059240214 0.725312989017 -0.211998128486 -0.0783804301292 -2.68684611319 -0.875264401536 2.84639446088 -4.9437227509e-08 -0.020833059948 1.54316155905 0.941194761965 -1.03896682392 -0.0391564543212 0.296583506188 2.08012283225 -1.40846782212
559.522 0.403987136094 0.0208340529718 1.27068000701e-06 -1.99059234636 0.725312774572 -0.211998171056 -0.0783805830566 -2.68684570593 -0.875264621236 2.84639295866 -1.21557980674e-07 -0.0208331466423 1.54316155847 0.941194760721 -1.03896682342 -0.0391564544961 0.296583510613 2.08012285246 -1.40846781937
559.642 0.381067056092 0.0208335391306 6.51219703258e-07 -1.99059216367 0.725312764611 -0.211998150717 -0.0783806208443 -2.68684605152 -0.875264617195 2.84639334603 -2.83920247935e-09 -0.020833003935 1.5431615573 0.941194761114 -1.03896682349 -0.039156455113 0.296583506541 2.08012282211 -1.40846782346
559.722 0.36826636737 0.0208333450762 4.17263712111e-07 -1.99059207047 0.725312779397 -0.211998136113 -0.078380626473 -2.68684633381 -0.875264580057 2.84639372034 -1.60103976961e-09 -0.020833002447 1.54316155713 0.941194760441 -1.03896682325 -0.0391564551324 0.296583507255 2.0801228242 -1.40846782252
559.822 0.354603364572 0.0208330025439 4.47592237805e-09 -1.99059229575 0.725312850254 -0.211998150257 -0.0783805301468 -2.68684615851 -0.875264508083 2.84639400583 -4.77258899682e-09 -0.0208330062598 1.54316155758 0.941194761734 -1.03896682372 -0.0391564550361 0.296583505829 2.08012282074 -1.40846782417
559.942 0.34108617704 0.0208408464907 9.46064298136e-06 -1.99059240557 0.7253129062 -0.211998156603 -0.0783805330778 -2.68684786997 -0.875263962177 2.84639486647 -4.94351560661e-08 -0.0208330599476 1.54316155906 0.941194761913 -1.03896682387 -0.0391564543238 0.296583506196 2.0801228323 -1.40846782213
560.002 0.335325782921 0.0208330724507 8.86484897196e-08 -1.99059218053 0.725312929132 -0.211998115394 -0.0783805062477 -2.68684652223 -0.875264419628 2.84639455901 -7.79403329795e-09 -0.0208330098924 1.54316155794 0.941194762244 -1.03896682392 -0.0391564549038 0.296583505218 2.08012282025 -1.40846782456
560.122 0.325479133746 0.0208330371178 4.61091978897e-08 -1.99059232994 0.725312978791 -0.211998122009 -0.0783804486781 -2.68684627108 -0.875264396569 2.84639454279 -7.75795204131e-08 -0.0208330937796 1.54316155889 0.941194761327 -1.03896682367 -0.0391564543503 0.296583507988 2.08012284063 -1.40846782079
560.222 0.318721835261 0.0208346453137 1.98472172589e-06 -1.99059244074 0.725312795427 -0.211998178728 -0.0783805540203 -2.68684569668 -0.875264573325 2.84639295269 -1.90268419439e-07 -0.0208332292387 1.5431615579 0.941194760289 -1.03896682327 -0.0391564547485 0.296583514197 2.0801228692 -1.40846781792
560.342 0.312036652495 0.0208338423727 1.01679859848e-06 -1.99059228606 0.725312767583 -0.211998165106 -0.0783805979547 -2.68684579113 -0.875264628756 2.84639304799 -4.77154595878e-09 -0.0208330062596 1.54316155758 0.941194761745 -1.03896682375 -0.0391564550363 0.296583505831 2.08012282074 -1.40846782417
