# time head_pan l_gripper_l_finger_joint l_gripper_r_finger_joint left_e0 left_e1 left_s0 left_s1 left_w0 left_w1 left_w2 r_gripper_l_finger_joint r_gripper_r_finger_joint right_e0 right_e1 right_s0 right_s1 right_w0 right_w1 right_w2
728.342 -0.111411778721 0.0208353954345 2.88297096313e-06 -2.49341273229 1.98632590791 0.0798972337122 0.313861559816 -1.77110543161 -1.24689763972 1.94762707019 -1.21551750914e-07 -0.0208331466375 1.54316155848 0.941194760744 -1.03896682344 -0.0391564544948 0.296583510621 2.08012285244 -1.40846781937
728.422 -0.110956120837 0.0208330177584 2.37014148207e-08 -2.49341269173 1.98632585082 0.0798972543462 0.313861540279 -1.77110539664 -1.2468980763 1.94762725371 -7.75756043756e-08 -0.0208330937752 1.54316155889 0.941194761357 -1.03896682367 -0.0391564543483 0.29658350799 2.0801228406 -1.4084678208
728.522 -0.176314309619 0.0208336279534 7.57634904169e-07 -2.4934128149 1.98632594329 0.0798972024095 0.31386156978 -1.77110508914 -1.24689825705 1.94762672891 -1.90282103551e-07 -0.0208332292378 1.54316155771 0.941194760544 -1.03896682336 -0.0391564547064 0.296583513908 2.08012286895 -1.40846781781
728.642 -0.284602758481 0.0208332572288 3.11810509757e-07 -2.49341282776 1.98632593141 0.0798971978593 0.313861563305 -1.77110505165 -1.24689840329 1.94762672086 -4.78385350546e-09 -0.0208330062582 1.54316155755 0.941194761771 -1.03896682373 -0.0391564549986 0.296583505819 2.08012282089 -1.4084678241
728.742 -0.3608680885 0.0208421372671 2.0222296675e-08 -2.49341268122 1.98632586973 0.0798972555185 0.313861536776 -1.77110572745 -1.2468971779 1.94762737976 -1.25257043442e-08 -0.0208330155666 1.54316155833 0.941194762503 -1.03896682403 -0.0391564547138 0.296583504805 2.08012282079 -1.40846782454
728.822 -0.411775699599 0.0208330674858 8.35548600185e-08 -2.49341277462 1.98632588063 0.079897220689 0.313861546099 -1.77110521207 -1.24689833879 1.94762699644 -7.80233093376e-09 -0.0208330098903 1.54316155794 0.941194762262 -1.0389668239 -0.0391564549024 0.296583505217 2.08012282022 -1.40846782457
728.922 -0.465826358828 0.0208353954346 2.88297028027e-06 -2.49341273227 1.98632590993 0.0798972345793 0.313861559234 -1.77110543436 -1.24689764184 1.94762707073 -1.99008580055e-08 -0.020833024435 1.54316155873 0.941194762631 -1.03896682413 -0.039156454555 0.296583504734 2.08012282285 -1.4084678241
729.042 -0.506581963784 0.0208339811718 1.18237843659e-06 -2.49341279352 1.98632593697 0.0798972104868 0.313861569116 -1.77110516593 -1.24689811131 1.94762680619 -1.90271581587e-07 -0.0208332292355 1.54316155791 0.941194760335 -1.03896682327 -0.0391564547575 0.296583514193 2.08012286924 -1.40846781792
729.102 -0.521533659392 0.0208336279537 7.5763821362e-07 -2.49341281519 1.98632594263 0.0798972021081 0.313861569718 -1.7711050887 -1.24689825662 1.94762672784 -3.1424778498e-08 -0.0208330382919 1.543161559 0.941194762344 -1.03896682402 -0.0391564544005 0.296583505156 2.08012282666 -1.40846782327
729.222 -0.554772854261 0.0208332572288 3.11812774247e-07 -2.4934128277 1.98632593179 0.079897198 0.313861563292 -1.77110505188 -1.24689840376 1.94762672093 -2.97647912913e-07 -0.0208333582932 1.54316155733 0.941194760373 -1.03896682325 -0.0391564550354 0.296583518784 2.08012289305 -1.40846781725
729.402 -0.605260838733 0.0208330674858 8.35561993085e-08 -2.49341277461 1.98632588047 0.0798972206008 0.313861546095 -1.77110521178 -1.24689833876 1.94762699623 -8.1204554592e-10 -0.0208330014916 1.54316155708 0.941194759775 -1.03896682305 -0.0391564550962 0.296583507902 2.08012282684 -1.40846782148
729.522 -0.638015305835 0.020833027697 3.56632335332e-08 -2.49341271759 1.9863258548 0.0798972440417 0.313861539847 -1.77110534884 -1.24689817409 1.94762719606 -1.25193677208e-08 -0.0208330155655 1.54316155835 0.941194762553 -1.03896682403 -0.0391564547299 0.296583504799 2.08012282086 -1.40846782457
729.622 -0.660493176986 0.0208339811719 1.18237900176e-06 -2.49341279353 1.98632593692 0.0798972104761 0.313861569109 -1.77110516603 -1.24689811139 1.94762680618 -3.14250125623e-08 -0.020833038292 1.54316155899 0.941194762377 -1.03896682402 -0.0391564544034 0.296583505152 2.08012282655 -1.40846782328
729.702 -0.677586557674 0.0208376785972 5.6282285908e-06 -2.49341269023 1.98632589007 0.0798972507784 0.313861546125 -1.77110572643 -1.24689706441 1.9476272936 -1.98971082242e-08 -0.0208330244344 1.54316155873 0.941194762605 -1.03896682407 -0.0391564545529 0.296583504739 2.08012282287 -1.4084678241
729.822 -0.700894631594 0.0208349163483 2.30689272488e-06 -2.4934127485 1.98632591775 0.0798972282129 0.31386156272 -1.77110535398 -1.24689778549 1.94762699596 -1.90271121409e-07 -0.0208332292355 1.5431615579 0.941194760274 -1.03896682325 -0.0391564547463 0.296583514192 2.08012286922 -1.40846781792
729.922 -0.716889881344 0.0208331053994 1.29179392368e-07 -2.49341279954 1.98632589886 0.0798972102417 0.313861551583 -1.77110514168 -1.24689839148 1.94762688398 -8.0985226812e-10 -0.0208330014912 1.54316155707 0.941194759784 -1.03896682304 -0.0391564550981 0.296583507905 2.0801228268 -1.40846782149
730.202 -0.749229351876 0.0208339811719 1.18237953789e-06 -2.49341279353 1.98632593692 0.0798972104709 0.313861569111 -1.77110516602 -1.24689811138 1.94762680617 -4.77314854766e-09 -0.0208330062563 1.54316155758 0.941194761738 -1.03896682372 -0.0391564550353 0.296583505825 2.08012282074 -1.40846782419
730.322 -0.758896315173 0.0208334018985 4.85798965125e-07 -2.49341282689 1.98632594087 0.079897197864 0.313861567585 -1.7711050514 -1.24689835249 1.94762669904 -4.94359701009e-08 -0.0208330599442 1.54316155906 0.941194761949 -1.03896682387 -0.0391564543233 0.296583506202 2.08012283226 -1.40846782212
730.422 -0.765530303577 0.0208330221759 2.90184739362e-08 -2.49341270409 1.98632585233 0.0798972495591 0.313861539586 -1.77110537569 -1.24689812618 1.94762722966 -1.2155689265e-07 -0.0208331466385 1.54316155848 0.941194760751 -1.03896682343 -0.0391564544959 0.296583510616 2.08012285243 -1.40846781938
730.502 -0.770057861481 0.0208331053994 1.29179785787e-07 -2.49341279955 1.98632589883 0.0798972102133 0.313861551585 -1.77110514169 -1.2468983915 1.94762688402 -7.75805642656e-08 -0.0208330937761 1.54316155889 0.941194761322 -1.03896682368 -0.0391564543498 0.29658350799 2.08012284065 -1.40846782077
730.622 -0.775758982744 0.0208330432239 5.43551374363e-08 -2.49341274623 1.98632586492 0.079897232311 0.313861542 -1.77110528419 -1.2468982637 1.94762710592 -1.60052875576e-09 -0.0208330024432 1.54316155713 0.941194760434 -1.03896682326 -0.0391564551315 0.296583507249 2.08012282421 -1.40846782253
730.822 -0.782952363178 0.0208330843357 1.03834815856e-07 -2.4934127877 1.98632588949 0.0798972151791 0.31386154872 -1.77110517575 -1.24689836831 1.94762693943 -1.25163407326e-08 -0.020833015565 1.54316155835 0.941194762508 -1.03896682404 -0.0391564547336 0.296583504809 2.08012282092 -1.40846782452
730.922 -0.785703792682 0.0208359942911 3.60307023781e-06 -2.49341271658 1.98632590238 0.0798972407474 0.313861555258 -1.77110552316 -1.24689747655 1.94762714708 -3.14224813855e-08 -0.0208330382915 1.54316155899 0.941194762368 -1.03896682404 -0.0391564544033 0.296583505164 2.08012282657 -1.40846782324
731.002 -0.787581585589 0.0208330221759 2.90186418289e-08 -2.49341270408 1.98632585234 0.0798972495423 0.313861539585 -1.77110537564 -1.24689812617 1.94762722959 -1.98942456174e-08 -0.0208330244339 1.54316155873 0.94119476256 -1.03896682407 -0.0391564545543 0.296583504738 2.08012282291 -1.4084678241
731.122 -0.722934016918 0.0208388479982 7.03462421938e-06 -2.49341268175 1.98632588701 0.0798972537371 0.313861540965 -1.77110584219 -1.24689680824 1.94762736662 -1.52077303358e-07 -0.0208331833442 1.54316155839 0.941194760194 -1.03896682323 -0.0391564546666 0.296583512539 2.08012286055 -1.4084678185
731.222 -0.62937960817 0.0208333215257 3.89144526737e-07 -2.49341282858 1.98632593691 0.0798971973601 0.313861565593 -1.77110504706 -1.24689838297 1.94762670363 -3.72167817545e-07 -0.0208330011519 1.54316155723 0.94119476002 -1.03896682315 -0.0391564551349 0.296583514372 2.0801228645 -1.40846781787
731.302 -0.562858554469 0.0208345330792 1.84603056376e-06 -2.4934127646 1.9863259249 0.0798972217613 0.313861565579 -1.77110528182 -1.24689791002 1.9476269255 -2.37965189933e-07 -0.0208332865883 1.54316155761 0.941194760281 -1.03896682325 -0.0391564548725 0.296583516428 2.08012288048 -1.4084678169
731.422 -0.461632702287 0.0208336279539 7.57641649338e-07 -2.49341281518 1.9863259428 0.079897202196 0.313861569645 -1.77110508916 -1.24689825703 1.9476267276 -6.09750516058e-09 -0.0208330078675 1.54316155781 0.941194761925 -1.03896682379 -0.0391564549829 0.296583505593 2.08012282039 -1.40846782446
731.522 -0.381132372153 0.020833034598 4.39729839671e-08 -2.49341273173 1.98632585889 0.0798972382314 0.313861540636 -1.77110531787 -1.24689822007 1.94762715428 -1.57794563373e-08 -0.0208330195038 1.54316155857 0.941194762607 -1.03896682406 -0.0391564546525 0.296583504722 2.08012282173 -1.40846782434
731.642 -0.278163483275 0.0208421372675 2.02270651824e-08 -2.4934126811 1.98632586966 0.079897255525 0.313861536783 -1.77110572702 -1.24689717779 1.94762737967 -1.52076197086e-07 -0.0208331833445 1.54316155823 0.941194760553 -1.03896682337 -0.0391564546305 0.296583512284 2.0801228603 -1.40846781862
731.702 -0.229850727283 0.0208388479966 7.03462132793e-06 -2.49341268172 1.98632588679 0.0798972535964 0.313861541112 -1.77110584119 -1.24689680754 1.94762736778 -2.50006323864e-08 -0.0208330305897 1.54316155889 0.941194762548 -1.03896682407 -0.0391564544564 0.29658350488 2.08012282465 -1.40846782375
731.822 -0.129128476628 0.0208353954351 2.88297434704e-06 -2.49341273229 1.98632591002 0.0798972346554 0.313861559224 -1.77110543462 -1.24689764202 1.94762707041 -2.37961123112e-07 -0.0208332865883 1.54316155766 0.941194760137 -1.03896682319 -0.0391564549031 0.29658351649 2.08012288013 -1.40846781699
731.922 -0.0485468609858 0.0208331317307 1.60860316405e-07 -2.49341280976 1.9863259081 0.0798972059294 0.313861554575 -1.77110511097 -1.24689840729 1.94762683234 -1.14212900701e-09 -0.0208330019109 1.54316155711 0.941194760122 -1.03896682315 -0.0391564551297 0.296583507596 2.08012282544 -1.40846782198
732.122 0.121546362353 0.0208332572289 3.11815094485e-07 -2.49341282769 1.98632593177 0.0798971979966 0.31386156326 -1.77110505192 -1.24689840376 1.94762672074 -9.87357364804e-09 -0.0208330124081 1.54316155817 0.941194762442 -1.038966824 -0.0391564548291 0.296583504995 2.08012282039 -1.40846782458
732.222 0.209486809044 0.0208421372679 2.0226653475e-08 -2.49341268118 1.98632586959 0.0798972555055 0.313861536757 -1.77110572737 -1.24689717804 1.94762737946 -2.49953271447e-08 -0.0208330305888 1.54316155894 0.941194762421 -1.03896682405 -0.0391564544793 0.296583504971 2.0801228246 -1.40846782376
732.342 0.306985247067 0.020836742859 4.50320986759e-06 -2.49341270226 1.98632589551 0.0798972462668 0.31386155086 -1.77110562027 -1.24689728559 1.94762722263 -2.37961697567e-07 -0.0208332865887 1.54316155761 0.9411947602 -1.03896682324 -0.039156454899 0.296583516422 2.08012287998 -1.40846781697
732.422 0.356550131731 0.0208330276971 3.56643728395e-08 -2.49341271759 1.98632585475 0.0798972440257 0.31386153985 -1.77110534879 -1.24689817402 1.9476271961 -1.52078346602e-07 -0.0208331833453 1.5431615582 0.941194760482 -1.03896682333 -0.0391564546065 0.296583512269 2.08012286008 -1.40846781864
732.522 0.408228458587 0.0208339811719 1.18237962038e-06 -2.49341279355 1.98632593695 0.0798972104749 0.31386156911 -1.77110516608 -1.24689811149 1.9476268062 -3.72168798662e-07 -0.0208330011521 1.54316155715 0.941194760032 -1.03896682313 -0.0391564550983 0.296583514223 2.08012286462 -1.40846781797
732.602 0.452901430168 0.020837678597 5.62822930349e-06 -2.4934126902 1.9863258901 0.0798972507799 0.313861546136 -1.77110572649 -1.24689706435 1.94762729391 -2.37963149342e-07 -0.020833286589 1.5431615576 0.941194760274 -1.03896682325 -0.0391564548972 0.296583516433 2.08012287992 -1.40846781697
732.722 0.518725403305 0.0208349163484 2.3068931963e-06 -2.4934127485 1.98632591769 0.0798972282056 0.313861562717 -1.77110535395 -1.24689778543 1.94762699598 -6.09887522903e-09 -0.0208330078677 1.54316155776 0.94119476204 -1.03896682384 -0.039156454978 0.296583505515 2.08012282033 -1.4084678244
732.902 0.576664284129 0.0208335023667 6.06617077634e-07 -2.49341282234 1.98632594269 0.0798971994262 0.313861568969 -1.77110506509 -1.24689831027 1.94762670695 -9.88050801544e-09 -0.0208330124093 1.54316155814 0.941194762404 -1.038966824 -0.0391564548204 0.296583504975 2.08012282044 -1.40846782459
733.022 0.61003376874 0.0208332057932 2.49948808686e-07 -2.49341282414 1.986325925 0.0798971996999 0.313861560552 -1.77110506494 -1.24689841435 1.94762674879 -9.71118494049e-08 -0.0208331172681 1.54316155872 0.941194761002 -1.03896682353 -0.0391564544087 0.296583509201 2.08012284605 -1.40846782009
733.142 0.641760963123 0.0208330843357 1.03833733711e-07 -2.49341278769 1.98632588949 0.0798972151825 0.313861548725 -1.77110517575 -1.24689836826 1.94762693945 -2.1379801032e-09 -0.0208330031023 1.5431615572 0.941194760755 -1.03896682339 -0.0391564551287 0.296583506903 2.08012282311 -1.40846782301
733.202 0.657082335191 0.0208330540068 6.73333455597e-08 -2.49341276066 1.98632587215 0.0798972263771 0.313861543847 -1.77110524836 -1.24689830351 1.94762705268 -1.52082639048e-07 -0.0208331833461 1.5431615582 0.9411947605 -1.03896682334 -0.0391564546085 0.296583512295 2.08012286005 -1.40846781865
733.322 0.684294503484 0.0208330221759 2.90173872999e-08 -2.49341270408 1.98632585231 0.0798972495083 0.313861539579 -1.77110537566 -1.24689812618 1.94762722963 -3.68572474941e-09 -0.0208330049623 1.54316155743 0.941194761435 -1.03896682365 -0.0391564550818 0.296583506173 2.08012282135 -1.40846782384
733.442 0.706325352462 0.0208388479964 7.03461828865e-06 -2.49341268169 1.9863258867 0.0798972535935 0.31386154112 -1.77110584111 -1.24689680737 1.94762736768 -3.94168173032e-08 -0.0208330479129 1.54316155906 0.9411947622 -1.03896682396 -0.0391564543499 0.296583505598 2.08012282911 -1.40846782273
733.542 0.721444101973 0.0208333215255 3.89140493429e-07 -2.49341282868 1.9863259372 0.079897197378 0.313861565653 -1.77110504723 -1.24689838353 1.94762670382 -9.71141267246e-08 -0.0208331172685 1.54316155871 0.941194761022 -1.03896682354 -0.0391564544058 0.296583509188 2.08012284603 -1.40846782008
733.622 0.731762331328 0.0208345330791 1.84602695091e-06 -2.49341276454 1.98632592511 0.0798972218662 0.313861565557 -1.77110528219 -1.24689791027 1.9476269255 -6.19333101126e-08 -0.0208330749786 1.54316155901 0.94119476166 -1.03896682378 -0.0391564543187 0.296583506998 2.08012283607 -1.40846782148
733.722 0.742775644718 0.0208330843357 1.03833212634e-07 -2.49341278771 1.98632588949 0.0798972151942 0.313861548724 -1.77110517578 -1.24689836835 1.94762693948 -1.52084925771e-07 -0.0208331833465 1.5431615582 0.941194760491 -1.03896682333 -0.0391564546084 0.296583512285 2.08012286008 -1.40846781864
733.842 0.753671421047 0.0208330345979 4.39697108809e-08 -2.49341273174 1.98632585904 0.0798972382345 0.31386154065 -1.77110531802 -1.24689822019 1.94762715431 -3.68753976766e-09 -0.0208330049627 1.54316155742 0.941194761422 -1.03896682362 -0.03915645508 0.29658350618 2.08012282136 -1.40846782385
733.902 0.758314692115 0.0208330221759 2.90169023118e-08 -2.49341270409 1.98632585233 0.0798972495463 0.313861539589 -1.77110537567 -1.24689812621 1.94762722965 -2.37971363357e-07 -0.0208332865904 1.5431615576 0.941194760259 -1.03896682323 -0.0391564548903 0.296583516413 2.08012288001 -1.40846781695
734.022 0.76625176384 0.0208388479963 7.03461774579e-06 -2.49341268166 1.9863258867 0.0798972535844 0.313861541115 -1.77110584108 -1.24689680727 1.94762736765 -6.1055911964e-09 -0.0208330078689 1.54316155775 0.941194761991 -1.03896682384 -0.0391564549747 0.296583505502 2.0801228204 -1.40846782442
734.122 0.771698607915 0.0208333215255 3.89140153948e-07 -2.49341282866 1.98632593721 0.0798971973768 0.313861565657 -1.7711050472 -1.24689838344 1.94762670382 -1.57856908065e-08 -0.020833019505 1.54316155855 0.941194762616 -1.03896682408 -0.0391564546393 0.296583504728 2.08012282167 -1.40846782438
734.202 0.775415964722 0.0208345330791 1.84602668871e-06 -2.49341276453 1.9863259251 0.0798972218589 0.313861565552 -1.77110528219 -1.24689791023 1.94762692547 -9.88330813027e-09 -0.0208330124098 1.54316155814 0.941194762398 -1.03896682399 -0.0391564548204 0.296583504974 2.08012282044 -1.40846782461
734.302 0.779383740012 0.0208330843357 1.03832967261e-07 -2.49341278769 1.9863258895 0.0798972151963 0.313861548724 -1.77110517576 -1.24689836827 1.94762693947 -2.50084654293e-08 -0.0208330305911 1.54316155888 0.941194762531 -1.03896682407 -0.0391564544696 0.296583504887 2.08012282447 -1.40846782373
734.422 0.783309170128 0.0208330345979 4.39695113337e-08 -2.49341273175 1.98632585902 0.0798972382167 0.313861540647 -1.77110531803 -1.24689822023 1.94762715431 -2.37971916782e-07 -0.0208332865903 1.5431615576 0.941194760204 -1.03896682324 -0.0391564548936 0.2965835164 2.08012288009 -1.40846781695
734.522 0.786003010694 0.0208342264638 1.47733358739e-06 -2.49341277973 1.98632593163 0.0798972158728 0.3138615677 -1.77110521939 -1.24689801833 1.94762686152 -1.15080542961e-09 -0.0208330019125 1.54316155709 0.941194760112 -1.03896682316 -0.0391564551182 0.296583507593 2.08012282545 -1.40846782201
734.722 0.634890435605 0.0208353954345 2.88296733391e-06 -2.49341273229 1.98632591006 0.0798972346234 0.313861559282 -1.77110543449 -1.24689764199 1.94762707076 -9.89774752288e-09 -0.0208330124124 1.54316155812 0.941194762448 -1.03896682397 -0.0391564547912 0.296583504947 2.08012282043 -1.40846782466
734.822 0.562441633164 0.0208331317305 1.60854784898e-07 -2.49341280975 1.98632590817 0.0798972059442 0.31386155458 -1.77110511099 -1.24689840743 1.94762683233 -2.50211104061e-08 -0.0208330305934 1.54316155886 0.941194762506 -1.03896682405 -0.0391564544659 0.296583504854 2.08012282446 -1.40846782375
735.022 0.40216688866 0.0208332572287 3.11809114532e-07 -2.49341282772 1.98632593183 0.0798971979655 0.3138615633 -1.7711050519 -1.24689840384 1.9476267209 -1.5210275635e-07 -0.0208331833497 1.54316155816 0.941194760491 -1.03896682336 -0.0391564545957 0.296583512232 2.08012286007 -1.40846781861
735.122 0.324146506894 0.0208421372678 2.02209632881e-08 -2.49341268117 1.98632586957 0.0798972554791 0.313861536781 -1.7711057272 -1.24689717802 1.94762737968 -3.72189848154e-07 -0.0208330011558 1.54316155714 0.941194760028 -1.03896682316 -0.0391564550933 0.296583514218 2.08012286464 -1.40846781796
735.302 0.214480753792 0.0208353954346 2.88296898212e-06 -2.49341273226 1.98632590995 0.0798972345996 0.313861559257 -1.77110543434 -1.24689764185 1.94762707066 -1.16278743086e-09 -0.0208330019146 1.54316155709 0.941194760087 -1.03896682316 -0.0391564551233 0.296583507596 2.08012282545 -1.40846782199
735.602 0.121649877728 0.0208332572287 3.11811515882e-07 -2.49341282773 1.98632593179 0.0798971979659 0.313861563269 -1.77110505188 -1.24689840387 1.94762672054 -2.50177368436e-08 -0.0208330305928 1.54316155888 0.94119476243 -1.03896682405 -0.0391564544673 0.296583504863 2.0801228246 -1.40846782372
735.722 0.0878448311088 0.0208331053993 1.2917754602e-07 -2.49341279954 1.98632589889 0.079897210251 0.313861551585 -1.77110514173 -1.24689839153 1.94762688402 -2.37980274331e-07 -0.0208332865919 1.54316155759 0.941194760215 -1.03896682322 -0.0391564548897 0.296583516391 2.08012288006 -1.40846781699
735.822 0.0590703611008 0.0208367428589 4.50320672001e-06 -2.49341270225 1.9863258955 0.0798972462597 0.313861550847 -1.77110562027 -1.24689728563 1.94762722274 -1.15990159408e-09 -0.0208330019141 1.54316155707 0.941194760121 -1.03896682318 -0.0391564551161 0.296583507566 2.08012282544 -1.40846782198
735.902 0.0372565534686 0.020833027697 3.56619320641e-08 -2.49341271758 1.98632585475 0.0798972440159 0.313861539839 -1.77110534878 -1.24689817403 1.94762719598 -3.72183725215e-07 -0.0208330011548 1.54316155715 0.941194759983 -1.03896682313 -0.0391564551078 0.296583514221 2.08012286464 -1.40846781796
736.122 -0.0103447524148 0.0208334018984 4.85797216526e-07 -2.4934128269 1.98632594084 0.0798971978163 0.313861567584 -1.77110505137 -1.2468983525 1.94762669901 -2.5016168415e-08 -0.0208330305925 1.54316155888 0.941194762493 -1.03896682408 -0.0391564544718 0.29658350488 2.08012282452 -1.40846782371
736.202 -0.0237074875256 0.0208349163483 2.30689152455e-06 -2.49341274851 1.98632591771 0.0798972281903 0.313861562717 -1.77110535396 -1.24689778549 1.94762699596 -1.57932127577e-08 -0.0208330195063 1.54316155855 0.94119476256 -1.03896682407 -0.0391564546433 0.296583504713 2.08012282175 -1.40846782437
736.502 -0.0599618064634 0.0208332057932 2.49948109704e-07 -2.49341282414 1.98632592497 0.079897199647 0.313861560558 -1.77110506488 -1.2468984143 1.94762674884 -2.3797838758e-07 -0.0208332865917 1.5431615576 0.941194760234 -1.03896682326 -0.0391564548927 0.296583516405 2.08012288005 -1.40846781694
736.622 -0.0698852370003 0.0208330843357 1.03833330293e-07 -2.49341278771 1.98632588947 0.0798972151622 0.313861548719 -1.77110517576 -1.24689836834 1.94762693945 -6.11205590144e-09 -0.0208330078701 1.54316155775 0.941194761989 -1.03896682385 -0.0391564549755 0.296583505497 2.0801228204 -1.40846782441
736.742 -0.0779192016859 0.0208330345979 4.39699614219e-08 -2.49341273176 1.98632585902 0.0798972382171 0.313861540649 -1.77110531802 -1.24689822026 1.9476271543 -6.19405722974e-08 -0.0208330749799 1.54316155901 0.941194761598 -1.03896682378 -0.039156454323 0.296583506981 2.08012283614 -1.40846782148
736.802 -0.081342902274 0.0208330221759 2.9017206009e-08 -2.49341270408 1.98632585233 0.0798972495559 0.313861539587 -1.77110537567 -1.24689812618 1.94762722965 -9.88931717112e-09 -0.0208330124109 1.54316155815 0.941194762459 -1.03896682399 -0.0391564548194 0.296583504988 2.08012282036 -1.4084678246
